stim_pw [us],stim_amp [mA],com_elbow_fe [rad],com_forearm_ps [rad],com_wrist_fe [rad],com_wrist_ru [rad],act_elbow_fe [rad],act_forearm_ps [rad],act_wrist_fe [rad],act_wrist_ru [rad],elbow_fe_trq [Nm],forearm_ps_trq [Nm],wrist_fe_trq [Nm],wrist_ru_trq [Nm]
22,30,-0.567232,0.698132,-0.174533,0.174533,-0.578055,0.691946,-0.143191,0.137825,2.16462,0.346374,-0.94028,1.1012
22,30,-0.567232,0.698132,-0.174533,0.174533,-0.578055,0.691946,-0.143188,0.137756,2.16462,0.346374,-0.940395,1.10341
22,30,-0.567232,0.698132,-0.174533,0.174533,-0.578055,0.691946,-0.143188,0.137756,2.16462,0.346374,-0.940395,1.10341
22,30,-0.567232,0.698132,-0.174533,0.174533,-0.578055,0.691946,-0.143188,0.137756,2.16462,0.346374,-0.940395,1.10341
22,30,-0.567232,0.698132,-0.174533,0.174533,-0.578055,0.691946,-0.143188,0.137756,2.16462,0.346374,-0.940395,1.10341
22,30,-0.567232,0.698132,-0.174533,0.174533,-0.578055,0.691946,-0.143188,0.137756,2.16462,0.346374,-0.940395,1.10341
22,30,-0.567232,0.698132,-0.174533,0.174533,-0.578055,0.691946,-0.143188,0.137756,2.16462,0.346374,-0.940395,1.10341
22,30,-0.567232,0.698132,-0.174533,0.174533,-0.578055,0.691946,-0.143188,0.137756,2.16462,0.346374,-0.940395,1.10341
22,30,-0.567232,0.698132,-0.174533,0.174533,-0.578055,0.691946,-0.143188,0.137756,2.16462,0.346374,-0.940395,1.10341
22,30,-0.567232,0.698132,-0.174533,0.174533,-0.578055,0.691946,-0.143188,0.137756,2.16462,0.346374,-0.940395,1.10341
22,30,-0.567232,0.698132,-0.174533,0.174533,-0.578055,0.691946,-0.143188,0.137756,2.16462,0.346374,-0.940395,1.10341
22,30,-0.567232,0.698132,-0.174533,0.174533,-0.578055,0.691946,-0.143188,0.137756,2.16462,0.346374,-0.940395,1.10341
22,30,-0.567232,0.698132,-0.174533,0.174533,-0.578055,0.691946,-0.143188,0.137756,2.16462,0.346374,-0.940395,1.10341
22,30,-0.567232,0.698132,-0.174533,0.174533,-0.578055,0.691946,-0.143188,0.137756,2.16462,0.346374,-0.940395,1.10341
22,30,-0.567232,0.698132,-0.174533,0.174533,-0.578055,0.691946,-0.143188,0.137756,2.16462,0.346374,-0.940395,1.10341
22,30,-0.567232,0.698132,-0.174533,0.174533,-0.578055,0.691946,-0.143188,0.137756,2.16462,0.346374,-0.940395,1.10341
22,30,-0.567232,0.698132,-0.174533,0.174533,-0.578055,0.691946,-0.143188,0.137756,2.16462,0.346374,-0.940395,1.10341
22,30,-0.567232,0.698132,-0.174533,0.174533,-0.578055,0.691946,-0.143188,0.137756,2.16462,0.346374,-0.940395,1.10341
22,30,-0.567232,0.698132,-0.174533,0.174533,-0.578055,0.691946,-0.143184,0.137686,2.16462,0.346374,-0.940503,1.10551
22,30,-0.567232,0.698132,-0.174533,0.174533,-0.578055,0.691946,-0.143184,0.137686,2.16462,0.346374,-0.940503,1.10551
22,30,-0.567232,0.698132,-0.174533,0.174533,-0.578055,0.691946,-0.143184,0.137686,2.16462,0.346374,-0.940503,1.10551
22,30,-0.567232,0.698132,-0.174533,0.174533,-0.578055,0.691946,-0.143184,0.137686,2.16462,0.346374,-0.940503,1.10551
22,30,-0.567232,0.698132,-0.174533,0.174533,-0.578055,0.691946,-0.143184,0.137686,2.16462,0.346374,-0.940503,1.10551
22,30,-0.567232,0.698132,-0.174533,0.174533,-0.578055,0.691946,-0.143184,0.137686,2.16462,0.346374,-0.940503,1.10551
22,30,-0.567232,0.698132,-0.174533,0.174533,-0.578055,0.691946,-0.143184,0.137686,2.16462,0.346374,-0.940503,1.10551
22,30,-0.567232,0.698132,-0.174533,0.174533,-0.578055,0.691946,-0.143184,0.137686,2.16462,0.346374,-0.940503,1.10551
22,30,-0.567232,0.698132,-0.174533,0.174533,-0.578055,0.691946,-0.143135,0.137728,2.16462,0.346374,-0.941985,1.10425
22,30,-0.567232,0.698132,-0.174533,0.174533,-0.578055,0.691946,-0.143135,0.137728,2.16462,0.346374,-0.941985,1.10425
22,30,-0.567232,0.698132,-0.174533,0.174533,-0.578055,0.691946,-0.143135,0.137728,2.16462,0.346374,-0.941985,1.10425
22,30,-0.567232,0.698132,-0.174533,0.174533,-0.578055,0.691946,-0.143135,0.137728,2.16462,0.346374,-0.941985,1.10425
22,30,-0.567232,0.698132,-0.174533,0.174533,-0.578055,0.691946,-0.143135,0.137728,2.16462,0.346374,-0.941985,1.10425
22,30,-0.567232,0.698132,-0.174533,0.174533,-0.578055,0.691946,-0.143135,0.137728,2.16462,0.346374,-0.941985,1.10425
22,30,-0.567232,0.698132,-0.174533,0.174533,-0.578055,0.691946,-0.143135,0.137728,2.16462,0.346374,-0.941985,1.10425
22,30,-0.567232,0.698132,-0.174533,0.174533,-0.578055,0.691946,-0.143135,0.137728,2.16462,0.346374,-0.941985,1.10425
22,30,-0.567232,0.698132,-0.174533,0.174533,-0.578055,0.691946,-0.143135,0.137728,2.16462,0.346374,-0.941985,1.10425
22,30,-0.567232,0.698132,-0.174533,0.174533,-0.578055,0.691946,-0.143135,0.137728,2.16462,0.346374,-0.941985,1.10425
22,30,-0.567232,0.698132,-0.174533,0.174533,-0.578055,0.691946,-0.143135,0.137728,2.16462,0.346374,-0.941985,1.10425
22,30,-0.567232,0.698132,-0.174533,0.174533,-0.578055,0.691946,-0.143135,0.137728,2.16462,0.346374,-0.941985,1.10425
22,30,-0.567232,0.698132,-0.174533,0.174533,-0.578055,0.691946,-0.143135,0.137728,2.16462,0.346374,-0.941985,1.10425
22,30,-0.567232,0.698132,-0.174533,0.174533,-0.578055,0.691946,-0.143085,0.13777,2.16462,0.346374,-0.943464,1.10299
22,30,-0.567232,0.698132,-0.174533,0.174533,-0.578055,0.691946,-0.143085,0.13777,2.16462,0.346374,-0.943464,1.10299
22,30,-0.567232,0.698132,-0.174533,0.174533,-0.578055,0.691946,-0.143085,0.13777,2.16462,0.346374,-0.943464,1.10299
22,30,-0.567232,0.698132,-0.174533,0.174533,-0.578055,0.691946,-0.143085,0.13777,2.16462,0.346374,-0.943464,1.10298
22,30,-0.567232,0.698132,-0.174533,0.174533,-0.578055,0.691946,-0.143085,0.13777,2.16462,0.346374,-0.943464,1.10298
22,30,-0.567232,0.698132,-0.174533,0.174533,-0.578055,0.691946,-0.143085,0.13777,2.16462,0.346374,-0.943464,1.10297
22,30,-0.567232,0.698132,-0.174533,0.174533,-0.578055,0.691946,-0.143085,0.13777,2.16462,0.346374,-0.943464,1.10297
22,30,-0.567232,0.698132,-0.174533,0.174533,-0.578055,0.691946,-0.143085,0.13777,2.16462,0.346374,-0.943464,1.10296
22,30,-0.567232,0.698132,-0.174533,0.174533,-0.578055,0.691946,-0.143085,0.13777,2.16462,0.346374,-0.943464,1.10296
22,30,-0.567232,0.698132,-0.174533,0.174533,-0.578055,0.691946,-0.143085,0.13777,2.16462,0.346374,-0.943464,1.10295
22,30,-0.567232,0.698132,-0.174533,0.174533,-0.578055,0.691946,-0.143085,0.13777,2.16462,0.346374,-0.943464,1.10295
22,30,-0.567232,0.698132,-0.174533,0.174533,-0.578055,0.691946,-0.143085,0.13777,2.16462,0.346374,-0.943464,1.10295
22,30,-0.567232,0.698132,-0.174533,0.174533,-0.578055,0.691946,-0.143085,0.13777,2.16462,0.346374,-0.943464,1.10294
22,30,-0.567232,0.698132,-0.174533,0.174533,-0.578055,0.691946,-0.143085,0.13777,2.16462,0.346374,-0.943464,1.10294
22,30,-0.567232,0.698132,-0.174533,0.174533,-0.578055,0.691946,-0.143085,0.13777,2.16462,0.346374,-0.943464,1.10294
22,30,-0.567232,0.698132,-0.174533,0.174533,-0.578055,0.691946,-0.143085,0.13777,2.16462,0.346374,-0.943464,1.10293
22,30,-0.567232,0.698132,-0.174533,0.174533,-0.578055,0.691946,-0.143085,0.13777,2.16462,0.346374,-0.943464,1.10293
22,30,-0.567232,0.698132,-0.174533,0.174533,-0.578055,0.691946,-0.143085,0.13777,2.16462,0.346374,-0.943464,1.10293
22,30,-0.567232,0.698132,-0.174533,0.174533,-0.578055,0.691946,-0.143085,0.13777,2.16462,0.346374,-0.943464,1.10293
22,30,-0.567232,0.698132,-0.174533,0.174533,-0.578055,0.691946,-0.143085,0.13777,2.16462,0.346374,-0.943464,1.10292
22,30,-0.567232,0.698132,-0.174533,0.174533,-0.578055,0.691946,-0.143085,0.13777,2.16462,0.346374,-0.943464,1.10292
22,30,-0.567232,0.698132,-0.174533,0.174533,-0.578055,0.691946,-0.143085,0.13777,2.16462,0.346374,-0.943464,1.10292
22,30,-0.567232,0.698132,-0.174533,0.174533,-0.578055,0.691946,-0.143085,0.13777,2.16462,0.346374,-0.943464,1.10292
22,30,-0.567232,0.698132,-0.174533,0.174533,-0.578055,0.691946,-0.143085,0.13777,2.16462,0.346374,-0.943464,1.10292
22,30,-0.567232,0.698132,-0.174533,0.174533,-0.578055,0.691946,-0.143085,0.13777,2.16462,0.346374,-0.943464,1.10291
22,30,-0.567232,0.698132,-0.174533,0.174533,-0.578055,0.691946,-0.143085,0.13777,2.16462,0.346374,-0.943464,1.10291
22,30,-0.567232,0.698132,-0.174533,0.174533,-0.578055,0.691946,-0.143085,0.13777,2.16462,0.346374,-0.943464,1.10291
22,30,-0.567232,0.698132,-0.174533,0.174533,-0.578055,0.691946,-0.143085,0.13777,2.16462,0.346374,-0.943464,1.10291
22,30,-0.567232,0.698132,-0.174533,0.174533,-0.578055,0.691946,-0.143085,0.13777,2.16462,0.346374,-0.943464,1.10291
22,30,-0.567232,0.698132,-0.174533,0.174533,-0.578055,0.691946,-0.143085,0.13777,2.16462,0.346374,-0.943464,1.10291
22,30,-0.567232,0.698132,-0.174533,0.174533,-0.578055,0.691946,-0.143085,0.13777,2.16462,0.346374,-0.943464,1.10291
22,30,-0.567232,0.698132,-0.174533,0.174533,-0.578055,0.691946,-0.143085,0.13777,2.16462,0.346374,-0.943464,1.1029
22,30,-0.567232,0.698132,-0.174533,0.174533,-0.578055,0.691946,-0.143085,0.13777,2.16462,0.346374,-0.943465,1.1029
22,30,-0.567232,0.698132,-0.174533,0.174533,-0.578055,0.691946,-0.143085,0.13777,2.16462,0.346374,-0.943465,1.1029
22,30,-0.567232,0.698132,-0.174533,0.174533,-0.578055,0.691946,-0.143085,0.13777,2.16462,0.346374,-0.943465,1.1029
22,30,-0.567232,0.698132,-0.174533,0.174533,-0.578055,0.691946,-0.143085,0.13777,2.16462,0.346374,-0.943465,1.1029
22,30,-0.567232,0.698132,-0.174533,0.174533,-0.578055,0.691946,-0.143085,0.13777,2.16462,0.346374,-0.943465,1.1029
22,30,-0.567232,0.698132,-0.174533,0.174533,-0.578055,0.691946,-0.143085,0.13777,2.16462,0.346374,-0.943465,1.1029
22,30,-0.567232,0.698132,-0.174533,0.174533,-0.578055,0.691946,-0.143085,0.13777,2.16462,0.346374,-0.943465,1.1029
22,30,-0.567232,0.698132,-0.174533,0.174533,-0.578055,0.691946,-0.143085,0.13777,2.16462,0.346374,-0.943465,1.10289
22,30,-0.567232,0.698132,-0.174533,0.174533,-0.578055,0.691946,-0.143085,0.13777,2.16462,0.346374,-0.943465,1.10289
22,30,-0.567232,0.698132,-0.174533,0.174533,-0.578055,0.691946,-0.143085,0.13777,2.16462,0.346374,-0.943465,1.10289
22,30,-0.567232,0.698132,-0.174533,0.174533,-0.578055,0.691946,-0.143085,0.13777,2.16462,0.346374,-0.943465,1.10289
22,30,-0.567232,0.698132,-0.174533,0.174533,-0.578055,0.691946,-0.143085,0.13777,2.16462,0.346374,-0.943465,1.10289
22,30,-0.567232,0.698132,-0.174533,0.174533,-0.578055,0.691946,-0.143085,0.13777,2.16462,0.346374,-0.943465,1.10289
22,30,-0.567232,0.698132,-0.174533,0.174533,-0.578055,0.691946,-0.143085,0.13777,2.16462,0.346374,-0.943465,1.10289
22,30,-0.567232,0.698132,-0.174533,0.174533,-0.578055,0.691946,-0.143085,0.13777,2.16462,0.346374,-0.943465,1.10289
22,30,-0.567232,0.698132,-0.174533,0.174533,-0.578055,0.691946,-0.143085,0.13777,2.16462,0.346374,-0.943466,1.10289
22,30,-0.567232,0.698132,-0.174533,0.174533,-0.578055,0.691946,-0.143138,0.137796,2.16462,0.346374,-0.941888,1.1021
22,30,-0.567232,0.698132,-0.174533,0.174533,-0.578055,0.691946,-0.143138,0.137796,2.16462,0.346374,-0.941888,1.10209
22,30,-0.567232,0.698132,-0.174533,0.174533,-0.578055,0.691946,-0.143138,0.137796,2.16462,0.346374,-0.941888,1.10209
22,30,-0.567232,0.698132,-0.174533,0.174533,-0.578055,0.691946,-0.143138,0.137796,2.16462,0.346374,-0.941888,1.10209
22,30,-0.567232,0.698132,-0.174533,0.174533,-0.578055,0.691946,-0.143138,0.137796,2.16462,0.346374,-0.941887,1.10209
22,30,-0.567232,0.698132,-0.174533,0.174533,-0.578055,0.691946,-0.143138,0.137796,2.16462,0.346374,-0.941887,1.10209
22,30,-0.567232,0.698132,-0.174533,0.174533,-0.578055,0.691946,-0.143138,0.137796,2.16462,0.346374,-0.941887,1.10209
22,30,-0.567232,0.698132,-0.174533,0.174533,-0.578055,0.691946,-0.143138,0.137796,2.16462,0.346374,-0.941887,1.10209
22,30,-0.567232,0.698132,-0.174533,0.174533,-0.578055,0.691946,-0.143138,0.137796,2.16462,0.346374,-0.941887,1.10209
22,30,-0.567232,0.698132,-0.174533,0.174533,-0.578055,0.691946,-0.143138,0.137796,2.16462,0.346374,-0.941887,1.10209
22,30,-0.567232,0.698132,-0.174533,0.174533,-0.578055,0.691946,-0.143138,0.137796,2.16462,0.346374,-0.941887,1.10209
22,30,-0.567232,0.698132,-0.174533,0.174533,-0.578055,0.691946,-0.143138,0.137796,2.16462,0.346374,-0.941887,1.10209
22,30,-0.567232,0.698132,-0.174533,0.174533,-0.578055,0.691946,-0.143138,0.137796,2.16462,0.346374,-0.941887,1.10209
22,30,-0.567232,0.698132,-0.174533,0.174533,-0.578055,0.691946,-0.143138,0.137796,2.16462,0.346374,-0.941887,1.10209
22,30,-0.567232,0.698132,-0.174533,0.174533,-0.578055,0.691946,-0.143138,0.137796,2.16462,0.346374,-0.941887,1.10209
22,30,-0.567232,0.698132,-0.174533,0.174533,-0.578055,0.691896,-0.143138,0.137796,2.16462,0.349557,-0.941887,1.10209
22,30,-0.567232,0.698132,-0.174533,0.174533,-0.578055,0.691896,-0.143138,0.137796,2.16462,0.349557,-0.941887,1.10209
22,30,-0.567232,0.698132,-0.174533,0.174533,-0.578055,0.691896,-0.143138,0.137796,2.16462,0.349557,-0.941887,1.10208
22,30,-0.567232,0.698132,-0.174533,0.174533,-0.578055,0.691896,-0.143138,0.137796,2.16462,0.349557,-0.941887,1.10208
22,30,-0.567232,0.698132,-0.174533,0.174533,-0.578055,0.691896,-0.143138,0.137796,2.16462,0.349557,-0.941887,1.10208
22,30,-0.567232,0.698132,-0.174533,0.174533,-0.578055,0.691896,-0.143138,0.137796,2.16462,0.349557,-0.941887,1.10208
22,30,-0.567232,0.698132,-0.174533,0.174533,-0.578055,0.691896,-0.143138,0.137796,2.16462,0.349557,-0.941887,1.10208
22,30,-0.567232,0.698132,-0.174533,0.174533,-0.578055,0.691896,-0.143138,0.137796,2.16462,0.349557,-0.941887,1.10208
22,30,-0.567232,0.698132,-0.174533,0.174533,-0.578055,0.691896,-0.143138,0.137796,2.16462,0.349557,-0.941887,1.10208
22,30,-0.567232,0.698132,-0.174533,0.174533,-0.578055,0.691896,-0.143138,0.137796,2.16462,0.349557,-0.941887,1.10208
22,30,-0.567232,0.698132,-0.174533,0.174533,-0.578055,0.691896,-0.143138,0.137796,2.16462,0.349557,-0.941887,1.10208
22,30,-0.567232,0.698132,-0.174533,0.174533,-0.578055,0.691896,-0.143138,0.137796,2.16462,0.349557,-0.941887,1.10208
22,30,-0.567232,0.698132,-0.174533,0.174533,-0.578055,0.691896,-0.143138,0.137796,2.16462,0.349557,-0.941887,1.10208
22,30,-0.567232,0.698132,-0.174533,0.174533,-0.578055,0.691896,-0.143138,0.137796,2.16462,0.349557,-0.941887,1.10208
22,30,-0.567232,0.698132,-0.174533,0.174533,-0.578055,0.691896,-0.143138,0.137796,2.16462,0.349557,-0.941887,1.10208
22,30,-0.567232,0.698132,-0.174533,0.174533,-0.578055,0.691896,-0.143138,0.137796,2.16462,0.349557,-0.941887,1.10208
22,30,-0.567232,0.698132,-0.174533,0.174533,-0.578055,0.691896,-0.143138,0.137796,2.16462,0.349557,-0.941887,1.10208
22,30,-0.567232,0.698132,-0.174533,0.174533,-0.578055,0.691896,-0.143138,0.137796,2.16462,0.349557,-0.941887,1.10208
22,30,-0.567232,0.698132,-0.174533,0.174533,-0.578055,0.691896,-0.143138,0.137796,2.16462,0.349557,-0.941887,1.10208
22,30,-0.567232,0.698132,-0.174533,0.174533,-0.578055,0.691896,-0.143138,0.137796,2.16462,0.349557,-0.941887,1.10208
22,30,-0.567232,0.698132,-0.174533,0.174533,-0.578055,0.691896,-0.143138,0.137796,2.16462,0.349557,-0.941887,1.10208
22,30,-0.567232,0.698132,-0.174533,0.174533,-0.578055,0.691896,-0.143138,0.137796,2.16462,0.349557,-0.941887,1.10208
22,30,-0.567232,0.698132,-0.174533,0.174533,-0.578055,0.691896,-0.143138,0.137796,2.16462,0.349557,-0.941887,1.10208
22,30,-0.567232,0.698132,-0.174533,0.174533,-0.578055,0.691896,-0.143138,0.137796,2.16462,0.349557,-0.941887,1.10208
22,30,-0.567232,0.698132,-0.174533,0.174533,-0.578055,0.691896,-0.143138,0.137796,2.16462,0.349557,-0.941887,1.10208
22,30,-0.567232,0.698132,-0.174533,0.174533,-0.578055,0.691896,-0.143138,0.137796,2.16462,0.349557,-0.941887,1.10208
22,30,-0.567232,0.698132,-0.174533,0.174533,-0.578055,0.691896,-0.143138,0.137796,2.16462,0.349557,-0.941887,1.10208
22,30,-0.567232,0.698132,-0.174533,0.174533,-0.578055,0.691896,-0.143138,0.137796,2.16462,0.349557,-0.941887,1.10207
22,30,-0.567232,0.698132,-0.174533,0.174533,-0.578055,0.691896,-0.143138,0.137796,2.16462,0.349557,-0.941887,1.10207
22,30,-0.567232,0.698132,-0.174533,0.174533,-0.578055,0.691896,-0.143138,0.137796,2.16462,0.349557,-0.941887,1.10207
22,30,-0.567232,0.698132,-0.174533,0.174533,-0.578055,0.691896,-0.143138,0.137796,2.16462,0.349557,-0.941887,1.10207
22,30,-0.567232,0.698132,-0.174533,0.174533,-0.578055,0.691896,-0.143138,0.137796,2.16462,0.349557,-0.941886,1.10207
22,30,-0.567232,0.698132,-0.174533,0.174533,-0.578055,0.691896,-0.143138,0.137796,2.16462,0.349557,-0.941886,1.10207
22,30,-0.567232,0.698132,-0.174533,0.174533,-0.578055,0.691896,-0.143138,0.137796,2.16462,0.349557,-0.941886,1.10207
22,30,-0.567232,0.698132,-0.174533,0.174533,-0.578055,0.691896,-0.143138,0.137796,2.16462,0.349557,-0.941886,1.10207
22,30,-0.567232,0.698132,-0.174533,0.174533,-0.578055,0.691896,-0.143138,0.137796,2.16462,0.349557,-0.941886,1.10207
22,30,-0.567232,0.698132,-0.174533,0.174533,-0.578055,0.691896,-0.143138,0.137796,2.16462,0.349557,-0.941886,1.10207
22,30,-0.567232,0.698132,-0.174533,0.174533,-0.578055,0.691896,-0.143138,0.137796,2.16462,0.349557,-0.941886,1.10207
22,30,-0.567232,0.698132,-0.174533,0.174533,-0.578055,0.691896,-0.143138,0.137796,2.16462,0.349557,-0.941886,1.10207
22,30,-0.567232,0.698132,-0.174533,0.174533,-0.578055,0.691896,-0.143138,0.137796,2.16462,0.349557,-0.941886,1.10207
22,30,-0.567232,0.698132,-0.174533,0.174533,-0.578055,0.691896,-0.143138,0.137796,2.16462,0.349557,-0.941886,1.10207
22,30,-0.567232,0.698132,-0.174533,0.174533,-0.578055,0.691896,-0.143138,0.137796,2.16462,0.349557,-0.941886,1.10207
22,30,-0.567232,0.698132,-0.174533,0.174533,-0.578055,0.691896,-0.143138,0.137796,2.16462,0.349557,-0.941886,1.10207
22,30,-0.567232,0.698132,-0.174533,0.174533,-0.578055,0.691896,-0.143138,0.137796,2.16462,0.349557,-0.941886,1.10207
22,30,-0.567232,0.698132,-0.174533,0.174533,-0.578055,0.691896,-0.143138,0.137796,2.16462,0.349557,-0.941886,1.10207
22,30,-0.567232,0.698132,-0.174533,0.174533,-0.578055,0.691896,-0.143138,0.137796,2.16462,0.349557,-0.941886,1.10207
22,30,-0.567232,0.698132,-0.174533,0.174533,-0.578055,0.691896,-0.143138,0.137796,2.16462,0.349557,-0.941886,1.10207
22,30,-0.567232,0.698132,-0.174533,0.174533,-0.578055,0.691896,-0.143138,0.137796,2.16462,0.349557,-0.941886,1.10207
22,30,-0.567232,0.698132,-0.174533,0.174533,-0.578055,0.691896,-0.143138,0.137796,2.16462,0.349557,-0.941886,1.10207
22,30,-0.567232,0.698132,-0.174533,0.174533,-0.578055,0.691896,-0.143138,0.137796,2.16462,0.349557,-0.941886,1.10207
22,30,-0.567232,0.698132,-0.174533,0.174533,-0.578055,0.691896,-0.143138,0.137796,2.16462,0.349557,-0.941886,1.10207
22,30,-0.567232,0.698132,-0.174533,0.174533,-0.578055,0.691896,-0.143138,0.137796,2.16462,0.349557,-0.941886,1.10207
22,30,-0.567232,0.698132,-0.174533,0.174533,-0.578055,0.691896,-0.143138,0.137796,2.16462,0.349557,-0.941886,1.10207
22,30,-0.567232,0.698132,-0.174533,0.174533,-0.578055,0.691896,-0.143138,0.137796,2.16462,0.349557,-0.941886,1.10207
22,30,-0.567232,0.698132,-0.174533,0.174533,-0.578055,0.691896,-0.143138,0.137796,2.16462,0.349557,-0.941886,1.10207
22,30,-0.567232,0.698132,-0.174533,0.174533,-0.578055,0.691896,-0.143138,0.137796,2.16462,0.349557,-0.941886,1.10207
22,30,-0.567232,0.698132,-0.174533,0.174533,-0.578055,0.691896,-0.143138,0.137796,2.16462,0.349557,-0.941886,1.10207
22,30,-0.567232,0.698132,-0.174533,0.174533,-0.578055,0.691896,-0.143138,0.137796,2.16462,0.349557,-0.941886,1.10207
22,30,-0.567232,0.698132,-0.174533,0.174533,-0.578055,0.691896,-0.143138,0.137796,2.16462,0.349557,-0.941886,1.10207
22,30,-0.567232,0.698132,-0.174533,0.174533,-0.578055,0.691896,-0.143138,0.137796,2.16462,0.349557,-0.941886,1.10207
22,30,-0.567232,0.698132,-0.174533,0.174533,-0.578055,0.691896,-0.143138,0.137796,2.16462,0.349557,-0.941886,1.10207
22,30,-0.567232,0.698132,-0.174533,0.174533,-0.578055,0.691896,-0.143138,0.137796,2.16462,0.349557,-0.941886,1.10207
22,30,-0.567232,0.698132,-0.174533,0.174533,-0.578055,0.691896,-0.143138,0.137796,2.16462,0.349557,-0.941886,1.10207
22,30,-0.567232,0.698132,-0.174533,0.174533,-0.578055,0.691896,-0.143138,0.137796,2.16462,0.349557,-0.941886,1.10207
22,30,-0.567232,0.698132,-0.174533,0.174533,-0.578055,0.691896,-0.143138,0.137796,2.16462,0.349557,-0.941886,1.10207
22,30,-0.567232,0.698132,-0.174533,0.174533,-0.578055,0.691896,-0.143138,0.137796,2.16462,0.349557,-0.941886,1.10207
22,30,-0.567232,0.698132,-0.174533,0.174533,-0.578055,0.691896,-0.143138,0.137796,2.16462,0.349557,-0.941886,1.10207
22,30,-0.567232,0.698132,-0.174533,0.174533,-0.578055,0.691896,-0.143138,0.137796,2.16462,0.349557,-0.941886,1.10207
22,30,-0.567232,0.698132,-0.174533,0.174533,-0.578055,0.691896,-0.143138,0.137796,2.16462,0.349557,-0.941886,1.10207
22,30,-0.567232,0.698132,-0.174533,0.174533,-0.578055,0.691896,-0.143138,0.137796,2.16462,0.349557,-0.941886,1.10207
22,30,-0.567232,0.698132,-0.174533,0.174533,-0.578055,0.691896,-0.143138,0.137796,2.16462,0.349557,-0.941886,1.10207
22,30,-0.567232,0.698132,-0.174533,0.174533,-0.578055,0.691896,-0.143138,0.137796,2.16462,0.349557,-0.941886,1.10207
22,30,-0.567232,0.698132,-0.174533,0.174533,-0.578055,0.691896,-0.143088,0.137838,2.16462,0.349557,-0.943367,1.1008
22,30,-0.567232,0.698132,-0.174533,0.174533,-0.578055,0.691896,-0.143088,0.137838,2.16462,0.349557,-0.943367,1.1008
22,30,-0.567232,0.698132,-0.174533,0.174533,-0.578055,0.691896,-0.143088,0.137838,2.16462,0.349557,-0.943367,1.1008
22,30,-0.567232,0.698132,-0.174533,0.174533,-0.578055,0.691896,-0.143088,0.137838,2.16462,0.349557,-0.943367,1.1008
22,30,-0.567232,0.698132,-0.174533,0.174533,-0.578055,0.691896,-0.143088,0.137838,2.16462,0.349557,-0.943367,1.1008
22,30,-0.567232,0.698132,-0.174533,0.174533,-0.578055,0.691896,-0.143088,0.137838,2.16462,0.349557,-0.943367,1.1008
22,30,-0.567232,0.698132,-0.174533,0.174533,-0.578055,0.691896,-0.143088,0.137838,2.16462,0.349557,-0.943367,1.1008
22,30,-0.567232,0.698132,-0.174533,0.174533,-0.578055,0.691896,-0.143088,0.137838,2.16462,0.349557,-0.943367,1.1008
22,30,-0.567232,0.698132,-0.174533,0.174533,-0.578055,0.691896,-0.143088,0.137838,2.16462,0.349557,-0.943367,1.1008
22,30,-0.567232,0.698132,-0.174533,0.174533,-0.578055,0.691896,-0.143088,0.137838,2.16462,0.349557,-0.943367,1.1008
22,30,-0.567232,0.698132,-0.174533,0.174533,-0.578055,0.691896,-0.143088,0.137838,2.16462,0.349557,-0.943367,1.1008
22,30,-0.567232,0.698132,-0.174533,0.174533,-0.578055,0.691896,-0.143088,0.137838,2.16462,0.349557,-0.943367,1.1008
22,30,-0.567232,0.698132,-0.174533,0.174533,-0.578055,0.691896,-0.143088,0.137838,2.16462,0.349557,-0.943367,1.1008
22,30,-0.567232,0.698132,-0.174533,0.174533,-0.578055,0.691896,-0.143088,0.137838,2.16462,0.349557,-0.943367,1.1008
22,30,-0.567232,0.698132,-0.174533,0.174533,-0.578055,0.691896,-0.143088,0.137838,2.16462,0.349557,-0.943367,1.1008
22,30,-0.567232,0.698132,-0.174533,0.174533,-0.578055,0.691896,-0.143088,0.137838,2.16462,0.349557,-0.943367,1.1008
22,30,-0.567232,0.698132,-0.174533,0.174533,-0.578055,0.691896,-0.143088,0.137838,2.16462,0.349557,-0.943367,1.1008
22,30,-0.567232,0.698132,-0.174533,0.174533,-0.578055,0.691896,-0.143088,0.137838,2.16462,0.349557,-0.943367,1.1008
22,30,-0.567232,0.698132,-0.174533,0.174533,-0.578055,0.691896,-0.143088,0.137838,2.16462,0.349557,-0.943367,1.1008
22,30,-0.567232,0.698132,-0.174533,0.174533,-0.578055,0.691896,-0.143088,0.137838,2.16462,0.349557,-0.943367,1.1008
22,30,-0.567232,0.698132,-0.174533,0.174533,-0.578055,0.691896,-0.143088,0.137838,2.16462,0.349557,-0.943367,1.1008
22,30,-0.567232,0.698132,-0.174533,0.174533,-0.578055,0.691896,-0.143088,0.137838,2.16462,0.349557,-0.943367,1.1008
22,30,-0.567232,0.698132,-0.174533,0.174533,-0.578055,0.691896,-0.143088,0.137838,2.16462,0.349557,-0.943367,1.1008
22,30,-0.567232,0.698132,-0.174533,0.174533,-0.578055,0.691896,-0.143088,0.137838,2.16462,0.349557,-0.943367,1.1008
22,30,-0.567232,0.698132,-0.174533,0.174533,-0.578055,0.691896,-0.143088,0.137838,2.16462,0.349557,-0.943367,1.1008
22,30,-0.567232,0.698132,-0.174533,0.174533,-0.578055,0.691896,-0.143088,0.137838,2.16462,0.349557,-0.943367,1.1008
22,30,-0.567232,0.698132,-0.174533,0.174533,-0.578055,0.691896,-0.143088,0.137838,2.16462,0.349557,-0.943367,1.1008
22,30,-0.567232,0.698132,-0.174533,0.174533,-0.578055,0.691896,-0.143088,0.137838,2.16462,0.349557,-0.943367,1.1008
22,30,-0.567232,0.698132,-0.174533,0.174533,-0.578055,0.691896,-0.143088,0.137838,2.16462,0.349557,-0.943367,1.1008
22,30,-0.567232,0.698132,-0.174533,0.174533,-0.578055,0.691896,-0.143088,0.137838,2.16462,0.349557,-0.943367,1.1008
22,30,-0.567232,0.698132,-0.174533,0.174533,-0.578055,0.691896,-0.143088,0.137838,2.16462,0.349557,-0.943367,1.1008
22,30,-0.567232,0.698132,-0.174533,0.174533,-0.578055,0.691896,-0.143088,0.137838,2.16462,0.349557,-0.943367,1.1008
22,30,-0.567232,0.698132,-0.174533,0.174533,-0.578055,0.691896,-0.143088,0.137838,2.16462,0.349557,-0.943367,1.1008
22,30,-0.567232,0.698132,-0.174533,0.174533,-0.578055,0.691896,-0.143088,0.137838,2.16462,0.349557,-0.943367,1.1008
22,30,-0.567232,0.698132,-0.174533,0.174533,-0.578055,0.691896,-0.143088,0.137838,2.16462,0.349557,-0.943367,1.1008
22,30,-0.567232,0.698132,-0.174533,0.174533,-0.578055,0.691896,-0.143088,0.137838,2.16462,0.349557,-0.943367,1.1008
22,30,-0.567232,0.698132,-0.174533,0.174533,-0.578055,0.691896,-0.143088,0.137838,2.16462,0.349557,-0.943367,1.1008
22,30,-0.567232,0.698132,-0.174533,0.174533,-0.578055,0.691896,-0.143088,0.137838,2.16462,0.349557,-0.943368,1.1008
22,30,-0.567232,0.698132,-0.174533,0.174533,-0.578055,0.691896,-0.143088,0.137838,2.16462,0.349557,-0.943368,1.1008
22,30,-0.567232,0.698132,-0.174533,0.174533,-0.578055,0.691896,-0.143088,0.137838,2.16462,0.349557,-0.943368,1.1008
22,30,-0.567232,0.698132,-0.174533,0.174533,-0.578055,0.691896,-0.143088,0.137838,2.16462,0.349557,-0.943368,1.1008
22,30,-0.567232,0.698132,-0.174533,0.174533,-0.578055,0.691896,-0.143088,0.137838,2.16462,0.349557,-0.943368,1.1008
22,30,-0.567232,0.698132,-0.174533,0.174533,-0.578055,0.691896,-0.143088,0.137838,2.16462,0.349557,-0.943369,1.1008
22,30,-0.567232,0.698132,-0.174533,0.174533,-0.578055,0.691896,-0.143088,0.137838,2.16462,0.349557,-0.943369,1.1008
22,30,-0.567232,0.698132,-0.174533,0.174533,-0.578055,0.691896,-0.143088,0.137838,2.16462,0.349557,-0.943369,1.1008
22,30,-0.567232,0.698132,-0.174533,0.174533,-0.578055,0.691896,-0.143088,0.137838,2.16462,0.349557,-0.943369,1.1008
22,30,-0.567232,0.698132,-0.174533,0.174533,-0.578055,0.691896,-0.143088,0.137838,2.16462,0.349557,-0.943369,1.1008
22,30,-0.567232,0.698132,-0.174533,0.174533,-0.578055,0.691896,-0.143088,0.137838,2.16462,0.349557,-0.943369,1.1008
22,30,-0.567232,0.698132,-0.174533,0.174533,-0.578055,0.691896,-0.143088,0.137838,2.16462,0.349557,-0.943369,1.1008
22,30,-0.567232,0.698132,-0.174533,0.174533,-0.578055,0.691896,-0.143088,0.137838,2.16462,0.349557,-0.94337,1.1008
22,30,-0.567232,0.698132,-0.174533,0.174533,-0.578055,0.691896,-0.143088,0.137838,2.16462,0.349557,-0.94337,1.1008
22,30,-0.567232,0.698132,-0.174533,0.174533,-0.578055,0.691896,-0.143088,0.137838,2.16462,0.349557,-0.94337,1.1008
22,30,-0.567232,0.698132,-0.174533,0.174533,-0.578055,0.691896,-0.143088,0.137838,2.16462,0.349557,-0.94337,1.1008
22,30,-0.567232,0.698132,-0.174533,0.174533,-0.578055,0.691896,-0.143088,0.137838,2.16462,0.349557,-0.943369,1.10078
22,30,-0.567232,0.698132,-0.174533,0.174533,-0.578055,0.691896,-0.143088,0.137838,2.16462,0.349557,-0.943369,1.10078
22,30,-0.567232,0.698132,-0.174533,0.174533,-0.578055,0.691896,-0.143088,0.137838,2.16462,0.349557,-0.94337,1.10078
22,30,-0.567232,0.698132,-0.174533,0.174533,-0.578055,0.691896,-0.143088,0.137838,2.16462,0.349557,-0.94337,1.10078
22,30,-0.567232,0.698132,-0.174533,0.174533,-0.578055,0.691896,-0.143088,0.137838,2.16462,0.349557,-0.94337,1.10078
22,30,-0.567232,0.698132,-0.174533,0.174533,-0.578055,0.691896,-0.143088,0.137838,2.16462,0.349557,-0.94337,1.10078
22,30,-0.567232,0.698132,-0.174533,0.174533,-0.578055,0.691896,-0.143088,0.137838,2.16462,0.349557,-0.94337,1.10078
22,30,-0.567232,0.698132,-0.174533,0.174533,-0.578055,0.691896,-0.143088,0.137838,2.16462,0.349557,-0.94337,1.10078
22,30,-0.567232,0.698132,-0.174533,0.174533,-0.578055,0.691896,-0.143088,0.137838,2.16462,0.349557,-0.94337,1.10078
22,30,-0.567232,0.698132,-0.174533,0.174533,-0.578055,0.691896,-0.143088,0.137838,2.16462,0.349557,-0.943371,1.10078
22,30,-0.567232,0.698132,-0.174533,0.174533,-0.578055,0.691896,-0.143088,0.137838,2.16462,0.349557,-0.943371,1.10078
22,30,-0.567232,0.698132,-0.174533,0.174533,-0.578055,0.691896,-0.143088,0.137838,2.16462,0.349557,-0.943371,1.10078
22,30,-0.567232,0.698132,-0.174533,0.174533,-0.578055,0.691896,-0.143088,0.137838,2.16462,0.349557,-0.943371,1.10078
22,30,-0.567232,0.698132,-0.174533,0.174533,-0.578055,0.691896,-0.143088,0.137838,2.16462,0.349557,-0.943371,1.10078
22,30,-0.567232,0.698132,-0.174533,0.174533,-0.578055,0.691896,-0.143088,0.137838,2.16462,0.349557,-0.943371,1.10078
22,30,-0.567232,0.698132,-0.174533,0.174533,-0.578055,0.691896,-0.143088,0.137838,2.16462,0.349557,-0.943371,1.10078
22,30,-0.567232,0.698132,-0.174533,0.174533,-0.578055,0.691896,-0.143088,0.137838,2.16462,0.349557,-0.943371,1.10078
22,30,-0.567232,0.698132,-0.174533,0.174533,-0.578055,0.691896,-0.143088,0.137838,2.16462,0.349557,-0.943371,1.10078
22,30,-0.567232,0.698132,-0.174533,0.174533,-0.578055,0.691896,-0.143088,0.137838,2.16462,0.349557,-0.943372,1.10078
22,30,-0.567232,0.698132,-0.174533,0.174533,-0.578055,0.691896,-0.143088,0.137838,2.16462,0.349557,-0.943372,1.10078
22,30,-0.567232,0.698132,-0.174533,0.174533,-0.578055,0.691896,-0.143088,0.137838,2.16462,0.349557,-0.943372,1.10078
22,30,-0.567232,0.698132,-0.174533,0.174533,-0.578055,0.691896,-0.143088,0.137838,2.16462,0.349557,-0.943372,1.10078
22,30,-0.567232,0.698132,-0.174533,0.174533,-0.578055,0.691896,-0.143088,0.137838,2.16462,0.349557,-0.943372,1.10078
22,30,-0.567232,0.698132,-0.174533,0.174533,-0.578055,0.691896,-0.143088,0.137838,2.16462,0.349557,-0.943372,1.10078
22,30,-0.567232,0.698132,-0.174533,0.174533,-0.578055,0.691896,-0.143088,0.137838,2.16462,0.349557,-0.943372,1.10078
22,30,-0.567232,0.698132,-0.174533,0.174533,-0.578055,0.691896,-0.143088,0.137838,2.16462,0.349557,-0.943372,1.10078
22,30,-0.567232,0.698132,-0.174533,0.174533,-0.578055,0.691896,-0.143088,0.137838,2.16462,0.349557,-0.943372,1.10078
22,30,-0.567232,0.698132,-0.174533,0.174533,-0.578055,0.691896,-0.143088,0.137838,2.16462,0.349557,-0.943373,1.10078
22,30,-0.567232,0.698132,-0.174533,0.174533,-0.578055,0.691896,-0.143088,0.137838,2.16462,0.349557,-0.943373,1.10078
22,30,-0.567232,0.698132,-0.174533,0.174533,-0.578055,0.691896,-0.143088,0.137838,2.16462,0.349557,-0.943373,1.10078
22,30,-0.567232,0.698132,-0.174533,0.174533,-0.578055,0.691896,-0.143088,0.137838,2.16462,0.349557,-0.943373,1.10078
22,30,-0.567232,0.698132,-0.174533,0.174533,-0.578055,0.691896,-0.143088,0.137838,2.16462,0.349557,-0.943373,1.10078
22,30,-0.567232,0.698132,-0.174533,0.174533,-0.578055,0.691896,-0.143088,0.137838,2.16462,0.349557,-0.943373,1.10078
22,30,-0.567232,0.698132,-0.174533,0.174533,-0.578055,0.691896,-0.143088,0.137838,2.16462,0.349557,-0.943373,1.10078
22,30,-0.567232,0.698132,-0.174533,0.174533,-0.578055,0.691896,-0.143088,0.137838,2.16462,0.349557,-0.943373,1.10078
22,30,-0.567232,0.698132,-0.174533,0.174533,-0.578055,0.691896,-0.143088,0.137838,2.16462,0.349557,-0.943373,1.10078
22,30,-0.567232,0.698132,-0.174533,0.174533,-0.578055,0.691896,-0.143088,0.137838,2.16462,0.349557,-0.943373,1.10078
22,30,-0.567232,0.698132,-0.174533,0.174533,-0.578055,0.691896,-0.143088,0.137838,2.16462,0.349557,-0.943374,1.10078
22,30,-0.567232,0.698132,-0.174533,0.174533,-0.578055,0.691896,-0.143088,0.137838,2.16462,0.349557,-0.943374,1.10078
22,30,-0.567232,0.698132,-0.174533,0.174533,-0.578055,0.691896,-0.143088,0.137838,2.16462,0.349557,-0.943374,1.10078
22,30,-0.567232,0.698132,-0.174533,0.174533,-0.578055,0.691896,-0.143088,0.137838,2.16462,0.349557,-0.943374,1.10078
22,30,-0.567232,0.698132,-0.174533,0.174533,-0.578055,0.691896,-0.143088,0.137838,2.16462,0.349557,-0.943374,1.10078
22,30,-0.567232,0.698132,-0.174533,0.174533,-0.578055,0.691896,-0.143088,0.137838,2.16462,0.349557,-0.943374,1.10078
22,30,-0.567232,0.698132,-0.174533,0.174533,-0.578055,0.691896,-0.143088,0.137838,2.16462,0.349557,-0.943374,1.10078
22,30,-0.567232,0.698132,-0.174533,0.174533,-0.578055,0.691896,-0.143088,0.137838,2.16462,0.349557,-0.943374,1.10078
22,30,-0.567232,0.698132,-0.174533,0.174533,-0.578055,0.691896,-0.143088,0.137838,2.16462,0.349557,-0.943374,1.10078
22,30,-0.567232,0.698132,-0.174533,0.174533,-0.578055,0.691896,-0.143088,0.137838,2.16462,0.349557,-0.943374,1.10078
22,30,-0.567232,0.698132,-0.174533,0.174533,-0.578055,0.691896,-0.143088,0.137838,2.16462,0.349557,-0.943374,1.10078
22,30,-0.567232,0.698132,-0.174533,0.174533,-0.578055,0.691896,-0.143088,0.137838,2.16462,0.349557,-0.943374,1.10078
22,30,-0.567232,0.698132,-0.174533,0.174533,-0.578055,0.691896,-0.143088,0.137838,2.16462,0.349557,-0.943375,1.10078
22,30,-0.567232,0.698132,-0.174533,0.174533,-0.578055,0.691896,-0.143088,0.137838,2.16462,0.349557,-0.943375,1.10078
22,30,-0.567232,0.698132,-0.174533,0.174533,-0.578055,0.691896,-0.143088,0.137838,2.16462,0.349557,-0.943375,1.10078
22,30,-0.567232,0.698132,-0.174533,0.174533,-0.578055,0.691896,-0.143088,0.137838,2.16462,0.349557,-0.943375,1.10078
22,30,-0.567232,0.698132,-0.174533,0.174533,-0.578055,0.691896,-0.143088,0.137838,2.16462,0.349557,-0.943375,1.10078
22,30,-0.567232,0.698132,-0.174533,0.174533,-0.578055,0.691896,-0.143088,0.137838,2.16462,0.349557,-0.943375,1.10078
22,30,-0.567232,0.698132,-0.174533,0.174533,-0.578055,0.691896,-0.143088,0.137838,2.16462,0.349557,-0.943375,1.10078
22,30,-0.567232,0.698132,-0.174533,0.174533,-0.578055,0.691896,-0.143088,0.137838,2.16462,0.349557,-0.943375,1.10078
22,30,-0.567232,0.698132,-0.174533,0.174533,-0.578055,0.691896,-0.143088,0.137838,2.16462,0.349557,-0.943375,1.10078
22,30,-0.567232,0.698132,-0.174533,0.174533,-0.578055,0.691896,-0.143088,0.137838,2.16462,0.349557,-0.943375,1.10078
22,30,-0.567232,0.698132,-0.174533,0.174533,-0.578055,0.691896,-0.143088,0.137838,2.16462,0.349557,-0.943375,1.10078
22,30,-0.567232,0.698132,-0.174533,0.174533,-0.578055,0.691896,-0.143088,0.137838,2.16462,0.349557,-0.943375,1.10078
22,30,-0.567232,0.698132,-0.174533,0.174533,-0.578055,0.691896,-0.143088,0.137838,2.16462,0.349557,-0.943375,1.10078
22,30,-0.567232,0.698132,-0.174533,0.174533,-0.578055,0.691896,-0.143088,0.137838,2.16462,0.349557,-0.943376,1.10078
22,30,-0.567232,0.698132,-0.174533,0.174533,-0.578055,0.691896,-0.143088,0.137838,2.16462,0.349557,-0.943376,1.10078
22,30,-0.567232,0.698132,-0.174533,0.174533,-0.578055,0.691896,-0.143088,0.137838,2.16462,0.349557,-0.943376,1.10078
22,30,-0.567232,0.698132,-0.174533,0.174533,-0.578055,0.691896,-0.143088,0.137838,2.16462,0.349557,-0.943376,1.10078
22,30,-0.567232,0.698132,-0.174533,0.174533,-0.578055,0.691896,-0.143088,0.137838,2.16462,0.349557,-0.943376,1.10078
22,30,-0.567232,0.698132,-0.174533,0.174533,-0.578055,0.691896,-0.143088,0.137838,2.16462,0.349557,-0.943376,1.10078
22,30,-0.567232,0.698132,-0.174533,0.174533,-0.578055,0.691896,-0.143088,0.137838,2.16462,0.349557,-0.943376,1.10078
22,30,-0.567232,0.698132,-0.174533,0.174533,-0.578055,0.691896,-0.143088,0.137838,2.16462,0.349557,-0.943376,1.10078
22,30,-0.567232,0.698132,-0.174533,0.174533,-0.578055,0.691896,-0.143088,0.137838,2.16462,0.349557,-0.94339,1.10079
22,30,-0.567232,0.698132,-0.174533,0.174533,-0.578055,0.691896,-0.143088,0.137838,2.16462,0.349557,-0.94339,1.10079
22,30,-0.567232,0.698132,-0.174533,0.174533,-0.578055,0.691896,-0.143088,0.137838,2.16462,0.349557,-0.94339,1.10079
22,30,-0.567232,0.698132,-0.174533,0.174533,-0.578055,0.691896,-0.143088,0.137838,2.16462,0.349557,-0.94339,1.10079
22,30,-0.567232,0.698132,-0.174533,0.174533,-0.578055,0.691896,-0.143088,0.137838,2.16462,0.349557,-0.94339,1.10079
22,30,-0.567232,0.698132,-0.174533,0.174533,-0.578055,0.691896,-0.143088,0.137838,2.16462,0.349557,-0.94339,1.10079
22,30,-0.567232,0.698132,-0.174533,0.174533,-0.578055,0.691896,-0.143088,0.137838,2.16462,0.349557,-0.94339,1.10079
22,30,-0.567232,0.698132,-0.174533,0.174533,-0.578055,0.691896,-0.143088,0.137838,2.16462,0.349557,-0.94339,1.10079
22,30,-0.567232,0.698132,-0.174533,0.174533,-0.578055,0.691896,-0.143088,0.137838,2.16462,0.349557,-0.94339,1.10079
22,30,-0.567232,0.698132,-0.174533,0.174533,-0.578055,0.691896,-0.143088,0.137838,2.16462,0.349557,-0.94339,1.10079
22,30,-0.567232,0.698132,-0.174533,0.174533,-0.578055,0.691896,-0.143088,0.137838,2.16462,0.349557,-0.94339,1.10079
22,30,-0.567232,0.698132,-0.174533,0.174533,-0.578055,0.691896,-0.143088,0.137838,2.16462,0.349557,-0.94339,1.10079
22,30,-0.567232,0.698132,-0.174533,0.174533,-0.578055,0.691896,-0.143088,0.137838,2.16462,0.349557,-0.94339,1.10079
22,30,-0.567232,0.698132,-0.174533,0.174533,-0.578055,0.691896,-0.143088,0.137838,2.16462,0.349557,-0.94339,1.10079
22,30,-0.567232,0.698132,-0.174533,0.174533,-0.578055,0.691896,-0.143088,0.137838,2.16462,0.349557,-0.94339,1.10079
22,30,-0.567232,0.698132,-0.174533,0.174533,-0.578055,0.691896,-0.143088,0.137838,2.16462,0.349221,-0.94339,1.10079
22,30,-0.567232,0.698132,-0.174533,0.174533,-0.578055,0.691896,-0.143088,0.137838,2.16462,0.349221,-0.94339,1.10079
22,30,-0.567232,0.698132,-0.174533,0.174533,-0.578055,0.691896,-0.143088,0.137838,2.16462,0.349221,-0.94339,1.10079
22,30,-0.567232,0.698132,-0.174533,0.174533,-0.578055,0.691896,-0.143088,0.137838,2.16462,0.349221,-0.94339,1.10079
22,30,-0.567232,0.698132,-0.174533,0.174533,-0.578055,0.691896,-0.143088,0.137838,2.16462,0.349221,-0.94339,1.10079
22,30,-0.567232,0.698132,-0.174533,0.174533,-0.578055,0.691896,-0.143088,0.137838,2.16462,0.349221,-0.94339,1.10079
22,30,-0.567232,0.698132,-0.174533,0.174533,-0.578055,0.691896,-0.143088,0.137838,2.16462,0.349221,-0.94339,1.10079
22,30,-0.567232,0.698132,-0.174533,0.174533,-0.578055,0.691896,-0.143088,0.137838,2.16462,0.349221,-0.94339,1.10079
22,30,-0.567232,0.698132,-0.174533,0.174533,-0.578055,0.691896,-0.143088,0.137838,2.16462,0.349221,-0.94339,1.10079
22,30,-0.567232,0.698132,-0.174533,0.174533,-0.578055,0.691896,-0.143088,0.137838,2.16462,0.349221,-0.94339,1.10079
22,30,-0.567232,0.698132,-0.174533,0.174533,-0.578055,0.691896,-0.143088,0.137838,2.16462,0.349221,-0.94339,1.10079
22,30,-0.567232,0.698132,-0.174533,0.174533,-0.578055,0.691896,-0.143088,0.137838,2.16462,0.349221,-0.94339,1.10079
22,30,-0.567232,0.698132,-0.174533,0.174533,-0.578055,0.691896,-0.143088,0.137838,2.16462,0.349221,-0.94339,1.10079
22,30,-0.567232,0.698132,-0.174533,0.174533,-0.578055,0.691896,-0.143088,0.137838,2.16462,0.349221,-0.94339,1.10079
22,30,-0.567232,0.698132,-0.174533,0.174533,-0.578055,0.691896,-0.143088,0.137838,2.16462,0.349221,-0.94339,1.10079
22,30,-0.567232,0.698132,-0.174533,0.174533,-0.578055,0.691896,-0.143088,0.137838,2.16462,0.349221,-0.94339,1.10079
22,30,-0.567232,0.698132,-0.174533,0.174533,-0.578055,0.691896,-0.143088,0.137838,2.16462,0.349221,-0.94339,1.10079
22,30,-0.567232,0.698132,-0.174533,0.174533,-0.578055,0.691896,-0.143088,0.137838,2.16462,0.349221,-0.94339,1.10079
22,30,-0.567232,0.698132,-0.174533,0.174533,-0.578055,0.691896,-0.143088,0.137838,2.16462,0.349221,-0.94339,1.10079
22,30,-0.567232,0.698132,-0.174533,0.174533,-0.578055,0.691896,-0.143088,0.137838,2.16462,0.349221,-0.94339,1.10079
22,30,-0.567232,0.698132,-0.174533,0.174533,-0.578055,0.691896,-0.143088,0.137838,2.16462,0.349221,-0.94339,1.10079
22,30,-0.567232,0.698132,-0.174533,0.174533,-0.578055,0.691896,-0.143088,0.137838,2.16462,0.349221,-0.94339,1.10079
22,30,-0.567232,0.698132,-0.174533,0.174533,-0.578055,0.691896,-0.143088,0.137838,2.16462,0.349221,-0.94339,1.10079
22,30,-0.567232,0.698132,-0.174533,0.174533,-0.578055,0.691896,-0.143088,0.137838,2.16462,0.349221,-0.94339,1.10079
22,30,-0.567232,0.698132,-0.174533,0.174533,-0.578055,0.691896,-0.143088,0.137838,2.16462,0.349221,-0.94339,1.10079
22,30,-0.567232,0.698132,-0.174533,0.174533,-0.578055,0.691896,-0.143088,0.137838,2.16462,0.349221,-0.94339,1.10079
22,30,-0.567232,0.698132,-0.174533,0.174533,-0.578055,0.691896,-0.143088,0.137838,2.16462,0.349221,-0.94339,1.10079
22,30,-0.567232,0.698132,-0.174533,0.174533,-0.578055,0.691896,-0.143088,0.137838,2.16462,0.349221,-0.94339,1.10079
22,30,-0.567232,0.698132,-0.174533,0.174533,-0.578055,0.691896,-0.143088,0.137838,2.16462,0.349221,-0.94339,1.10079
22,30,-0.567232,0.698132,-0.174533,0.174533,-0.578055,0.691896,-0.143088,0.137838,2.16462,0.349221,-0.94339,1.10079
22,30,-0.567232,0.698132,-0.174533,0.174533,-0.578055,0.691896,-0.143088,0.137838,2.16462,0.349221,-0.94339,1.10079
22,30,-0.567232,0.698132,-0.174533,0.174533,-0.578055,0.691896,-0.143088,0.137838,2.16462,0.349221,-0.94339,1.10079
22,30,-0.567232,0.698132,-0.174533,0.174533,-0.578055,0.691896,-0.143088,0.137838,2.16462,0.349221,-0.94339,1.10079
22,30,-0.567232,0.698132,-0.174533,0.174533,-0.578055,0.691896,-0.143088,0.137838,2.16462,0.349221,-0.94339,1.10079
22,30,-0.567232,0.698132,-0.174533,0.174533,-0.578055,0.691896,-0.143088,0.137838,2.16462,0.349221,-0.94339,1.10079
22,30,-0.567232,0.698132,-0.174533,0.174533,-0.578055,0.691896,-0.143088,0.137838,2.16462,0.349221,-0.94339,1.10079
22,30,-0.567232,0.698132,-0.174533,0.174533,-0.578055,0.691896,-0.143088,0.137838,2.16462,0.349221,-0.94339,1.10079
22,30,-0.567232,0.698132,-0.174533,0.174533,-0.578055,0.691896,-0.143088,0.137838,2.16462,0.349221,-0.94339,1.10079
22,30,-0.567232,0.698132,-0.174533,0.174533,-0.578055,0.691896,-0.143088,0.137838,2.16462,0.349221,-0.94339,1.10079
22,30,-0.567232,0.698132,-0.174533,0.174533,-0.578055,0.691896,-0.143088,0.137838,2.16462,0.349221,-0.94339,1.10079
22,30,-0.567232,0.698132,-0.174533,0.174533,-0.578055,0.691896,-0.143088,0.137838,2.16462,0.349221,-0.94339,1.10079
22,30,-0.567232,0.698132,-0.174533,0.174533,-0.578055,0.691896,-0.143088,0.137838,2.16462,0.349221,-0.94339,1.10079
22,30,-0.567232,0.698132,-0.174533,0.174533,-0.578055,0.691896,-0.143088,0.137838,2.16462,0.349221,-0.94339,1.10079
22,30,-0.567232,0.698132,-0.174533,0.174533,-0.578055,0.691896,-0.143088,0.137838,2.16462,0.349221,-0.94339,1.10079
22,30,-0.567232,0.698132,-0.174533,0.174533,-0.578055,0.691896,-0.143088,0.137838,2.16462,0.349221,-0.94339,1.10079
22,30,-0.567232,0.698132,-0.174533,0.174533,-0.578055,0.691896,-0.143088,0.137838,2.16462,0.349221,-0.94339,1.10079
22,30,-0.567232,0.698132,-0.174533,0.174533,-0.578055,0.691896,-0.143088,0.137838,2.16462,0.349221,-0.94339,1.10079
22,30,-0.567232,0.698132,-0.174533,0.174533,-0.578055,0.691896,-0.143088,0.137838,2.16462,0.349221,-0.94339,1.10079
22,30,-0.567232,0.698132,-0.174533,0.174533,-0.578055,0.691896,-0.143088,0.137838,2.16462,0.349221,-0.94339,1.10079
22,30,-0.567232,0.698132,-0.174533,0.174533,-0.578055,0.691896,-0.143088,0.137838,2.16462,0.349221,-0.94339,1.10079
22,30,-0.567232,0.698132,-0.174533,0.174533,-0.578055,0.691896,-0.143088,0.137838,2.16462,0.349221,-0.94339,1.10079
22,30,-0.567232,0.698132,-0.174533,0.174533,-0.578055,0.691896,-0.143088,0.137838,2.16462,0.349221,-0.94339,1.10079
22,30,-0.567232,0.698132,-0.174533,0.174533,-0.578055,0.691896,-0.143088,0.137838,2.16462,0.349221,-0.94339,1.10079
22,30,-0.567232,0.698132,-0.174533,0.174533,-0.578055,0.691896,-0.143088,0.137838,2.16462,0.349221,-0.94339,1.10079
22,30,-0.567232,0.698132,-0.174533,0.174533,-0.578055,0.691896,-0.143088,0.137838,2.16462,0.349221,-0.94339,1.10079
22,30,-0.567232,0.698132,-0.174533,0.174533,-0.578055,0.691896,-0.143088,0.137838,2.16462,0.349221,-0.94339,1.10079
22,30,-0.567232,0.698132,-0.174533,0.174533,-0.578055,0.691896,-0.143088,0.137838,2.16462,0.349221,-0.94339,1.10079
22,30,-0.567232,0.698132,-0.174533,0.174533,-0.578055,0.691896,-0.143088,0.137838,2.16462,0.349221,-0.94339,1.10079
22,30,-0.567232,0.698132,-0.174533,0.174533,-0.578055,0.691896,-0.143088,0.137838,2.16462,0.349221,-0.94339,1.10079
22,30,-0.567232,0.698132,-0.174533,0.174533,-0.578055,0.691896,-0.143088,0.137838,2.16462,0.349221,-0.94339,1.10079
22,30,-0.567232,0.698132,-0.174533,0.174533,-0.578055,0.691896,-0.143088,0.137838,2.16462,0.349221,-0.94339,1.10079
22,30,-0.567232,0.698132,-0.174533,0.174533,-0.578055,0.691896,-0.143088,0.137838,2.16462,0.349221,-0.94339,1.10079
22,30,-0.567232,0.698132,-0.174533,0.174533,-0.578055,0.691896,-0.143088,0.137838,2.16462,0.349221,-0.94339,1.10079
22,30,-0.567232,0.698132,-0.174533,0.174533,-0.578055,0.691896,-0.143088,0.137838,2.16462,0.349221,-0.94339,1.10079
22,30,-0.567232,0.698132,-0.174533,0.174533,-0.578055,0.691896,-0.143088,0.137838,2.16462,0.349221,-0.94339,1.10079
22,30,-0.567232,0.698132,-0.174533,0.174533,-0.578055,0.691896,-0.143088,0.137838,2.16462,0.349221,-0.94339,1.10079
22,30,-0.567232,0.698132,-0.174533,0.174533,-0.578055,0.691896,-0.143088,0.137838,2.16462,0.349221,-0.94339,1.10079
22,30,-0.567232,0.698132,-0.174533,0.174533,-0.578055,0.691896,-0.143088,0.137838,2.16462,0.349221,-0.94339,1.10079
22,30,-0.567232,0.698132,-0.174533,0.174533,-0.578055,0.691896,-0.143088,0.137838,2.16462,0.349221,-0.94339,1.10079
22,30,-0.567232,0.698132,-0.174533,0.174533,-0.578055,0.691896,-0.143088,0.137838,2.16462,0.349221,-0.94339,1.10079
22,30,-0.567232,0.698132,-0.174533,0.174533,-0.578055,0.691896,-0.143088,0.137838,2.16462,0.349221,-0.94339,1.10079
22,30,-0.567232,0.698132,-0.174533,0.174533,-0.578055,0.691896,-0.143088,0.137838,2.16462,0.349221,-0.94339,1.10079
22,30,-0.567232,0.698132,-0.174533,0.174533,-0.578055,0.691896,-0.143088,0.137838,2.16462,0.349221,-0.943341,1.10083
22,30,-0.567232,0.698132,-0.174533,0.174533,-0.578055,0.691896,-0.143088,0.137838,2.16462,0.349221,-0.943341,1.10083
22,30,-0.567232,0.698132,-0.174533,0.174533,-0.578055,0.691896,-0.143088,0.137838,2.16462,0.349221,-0.943341,1.10083
22,30,-0.567232,0.698132,-0.174533,0.174533,-0.578055,0.691896,-0.143088,0.137838,2.16462,0.349221,-0.943341,1.10083
22,30,-0.567232,0.698132,-0.174533,0.174533,-0.578055,0.691896,-0.143088,0.137838,2.16462,0.349221,-0.943341,1.10083
22,30,-0.567232,0.698132,-0.174533,0.174533,-0.578055,0.691896,-0.143088,0.137838,2.16462,0.349221,-0.943341,1.10083
22,30,-0.567232,0.698132,-0.174533,0.174533,-0.578055,0.691896,-0.143088,0.137838,2.16462,0.349221,-0.943341,1.10083
22,30,-0.567232,0.698132,-0.174533,0.174533,-0.578055,0.691896,-0.143088,0.137838,2.16462,0.349221,-0.943341,1.10083
22,30,-0.567232,0.698132,-0.174533,0.174533,-0.578055,0.691896,-0.143088,0.137838,2.16462,0.349221,-0.943341,1.10083
22,30,-0.567232,0.698132,-0.174533,0.174533,-0.578055,0.691896,-0.143088,0.137838,2.16462,0.349221,-0.943341,1.10083
22,30,-0.567232,0.698132,-0.174533,0.174533,-0.578055,0.691896,-0.143088,0.137838,2.16462,0.349221,-0.943341,1.10083
22,30,-0.567232,0.698132,-0.174533,0.174533,-0.578055,0.691896,-0.143088,0.137838,2.16462,0.349221,-0.943341,1.10083
22,30,-0.567232,0.698132,-0.174533,0.174533,-0.578055,0.691896,-0.143088,0.137838,2.16462,0.349221,-0.943341,1.10083
22,30,-0.567232,0.698132,-0.174533,0.174533,-0.578055,0.691896,-0.143088,0.137838,2.16462,0.349221,-0.943341,1.10083
22,30,-0.567232,0.698132,-0.174533,0.174533,-0.578055,0.691896,-0.143088,0.137838,2.16462,0.349221,-0.943341,1.10083
22,30,-0.567232,0.698132,-0.174533,0.174533,-0.578055,0.691896,-0.143088,0.137838,2.16462,0.349221,-0.943341,1.10083
22,30,-0.567232,0.698132,-0.174533,0.174533,-0.578055,0.691896,-0.143088,0.137838,2.16462,0.349221,-0.943341,1.10083
22,30,-0.567232,0.698132,-0.174533,0.174533,-0.578055,0.691896,-0.143088,0.137838,2.16462,0.349221,-0.943341,1.10083
22,30,-0.567232,0.698132,-0.174533,0.174533,-0.578055,0.691896,-0.143088,0.137838,2.16462,0.349221,-0.943341,1.10083
22,30,-0.567232,0.698132,-0.174533,0.174533,-0.578055,0.691896,-0.143088,0.137838,2.16462,0.349221,-0.943341,1.10083
22,30,-0.567232,0.698132,-0.174533,0.174533,-0.578055,0.691896,-0.143088,0.137838,2.16462,0.349221,-0.943341,1.10083
22,30,-0.567232,0.698132,-0.174533,0.174533,-0.578055,0.691896,-0.143088,0.137838,2.16462,0.349221,-0.943341,1.10083
22,30,-0.567232,0.698132,-0.174533,0.174533,-0.578055,0.691896,-0.143088,0.137838,2.16462,0.349221,-0.943341,1.10083
22,30,-0.567232,0.698132,-0.174533,0.174533,-0.578055,0.691896,-0.143088,0.137838,2.16462,0.349221,-0.943341,1.10083
22,30,-0.567232,0.698132,-0.174533,0.174533,-0.578055,0.691896,-0.143088,0.137838,2.16462,0.349221,-0.943341,1.10083
22,30,-0.567232,0.698132,-0.174533,0.174533,-0.578055,0.691896,-0.143088,0.137838,2.16462,0.349221,-0.943341,1.10083
22,30,-0.567232,0.698132,-0.174533,0.174533,-0.578055,0.691896,-0.143088,0.137838,2.16462,0.349221,-0.943341,1.10083
22,30,-0.567232,0.698132,-0.174533,0.174533,-0.578055,0.691896,-0.143088,0.137838,2.16462,0.349221,-0.943341,1.10083
22,30,-0.567232,0.698132,-0.174533,0.174533,-0.578055,0.691896,-0.143088,0.137838,2.16462,0.349221,-0.943341,1.10083
22,30,-0.567232,0.698132,-0.174533,0.174533,-0.578055,0.691896,-0.143088,0.137838,2.16462,0.349221,-0.943341,1.10083
22,30,-0.567232,0.698132,-0.174533,0.174533,-0.578055,0.691896,-0.143088,0.137838,2.16462,0.349221,-0.943341,1.10083
22,30,-0.567232,0.698132,-0.174533,0.174533,-0.578055,0.691896,-0.143088,0.137838,2.16462,0.349221,-0.943341,1.10083
22,30,-0.567232,0.698132,-0.174533,0.174533,-0.578055,0.691896,-0.143088,0.137838,2.16462,0.349221,-0.943341,1.10083
22,30,-0.567232,0.698132,-0.174533,0.174533,-0.578055,0.691896,-0.143088,0.137838,2.16462,0.349221,-0.943341,1.10083
22,30,-0.567232,0.698132,-0.174533,0.174533,-0.578055,0.691896,-0.143088,0.137838,2.16462,0.349221,-0.943341,1.10083
22,30,-0.567232,0.698132,-0.174533,0.174533,-0.578055,0.691896,-0.143088,0.137838,2.16462,0.349221,-0.943341,1.10083
22,30,-0.567232,0.698132,-0.174533,0.174533,-0.578055,0.691896,-0.143141,0.137865,2.16462,0.349221,-0.941763,1.10004
22,30,-0.567232,0.698132,-0.174533,0.174533,-0.578055,0.691896,-0.143141,0.137865,2.16462,0.349221,-0.941763,1.10004
22,30,-0.567232,0.698132,-0.174533,0.174533,-0.578055,0.691896,-0.143141,0.137865,2.16462,0.349221,-0.941763,1.10004
22,30,-0.567232,0.698132,-0.174533,0.174533,-0.578055,0.691896,-0.143141,0.137865,2.16462,0.349221,-0.941763,1.10004
22,30,-0.567232,0.698132,-0.174533,0.174533,-0.578055,0.691896,-0.143141,0.137865,2.16462,0.349221,-0.941763,1.10004
22,30,-0.567232,0.698132,-0.174533,0.174533,-0.578055,0.691896,-0.143141,0.137865,2.16462,0.349221,-0.941763,1.10004
22,30,-0.567232,0.698132,-0.174533,0.174533,-0.578055,0.691896,-0.143141,0.137865,2.16462,0.349221,-0.941763,1.10004
22,30,-0.567232,0.698132,-0.174533,0.174533,-0.578055,0.691896,-0.143141,0.137865,2.16462,0.349221,-0.941763,1.10004
22,30,-0.567232,0.698132,-0.174533,0.174533,-0.578055,0.691896,-0.143141,0.137865,2.16462,0.349221,-0.941763,1.10004
22,30,-0.567232,0.698132,-0.174533,0.174533,-0.578055,0.691896,-0.143141,0.137865,2.16462,0.349221,-0.941763,1.10004
22,30,-0.567232,0.698132,-0.174533,0.174533,-0.578055,0.691896,-0.143141,0.137865,2.16462,0.349221,-0.941763,1.10004
22,30,-0.567232,0.698132,-0.174533,0.174533,-0.578055,0.691896,-0.143141,0.137865,2.16462,0.349221,-0.941763,1.10004
22,30,-0.567232,0.698132,-0.174533,0.174533,-0.578055,0.691896,-0.143141,0.137865,2.16462,0.349221,-0.941763,1.10004
22,30,-0.567232,0.698132,-0.174533,0.174533,-0.578055,0.691896,-0.143141,0.137865,2.16462,0.349221,-0.941763,1.10004
22,30,-0.567232,0.698132,-0.174533,0.174533,-0.578055,0.691896,-0.143141,0.137865,2.16462,0.349221,-0.941763,1.10004
22,30,-0.567232,0.698132,-0.174533,0.174533,-0.578055,0.691896,-0.143141,0.137865,2.16462,0.349221,-0.941763,1.10004
22,30,-0.567232,0.698132,-0.174533,0.174533,-0.578055,0.691896,-0.143141,0.137865,2.16462,0.349221,-0.941763,1.10004
22,30,-0.567232,0.698132,-0.174533,0.174533,-0.578055,0.691896,-0.143141,0.137865,2.16462,0.349221,-0.941763,1.10004
22,30,-0.567232,0.698132,-0.174533,0.174533,-0.578055,0.691896,-0.143141,0.137865,2.16462,0.349221,-0.941763,1.10004
22,30,-0.567232,0.698132,-0.174533,0.174533,-0.578055,0.691896,-0.143141,0.137865,2.16462,0.349221,-0.941763,1.10004
22,30,-0.567232,0.698132,-0.174533,0.174533,-0.578055,0.691896,-0.143141,0.137865,2.16462,0.349221,-0.941763,1.10004
22,30,-0.567232,0.698132,-0.174533,0.174533,-0.578055,0.691896,-0.143141,0.137865,2.16462,0.349221,-0.941763,1.10004
22,30,-0.567232,0.698132,-0.174533,0.174533,-0.578055,0.691896,-0.143141,0.137865,2.16462,0.349221,-0.941763,1.10004
22,30,-0.567232,0.698132,-0.174533,0.174533,-0.578055,0.691896,-0.143141,0.137865,2.16462,0.349221,-0.941763,1.10004
22,30,-0.567232,0.698132,-0.174533,0.174533,-0.578055,0.691896,-0.143141,0.137865,2.16462,0.349221,-0.941763,1.10004
22,30,-0.567232,0.698132,-0.174533,0.174533,-0.578055,0.691896,-0.143141,0.137865,2.16462,0.349221,-0.941763,1.10004
22,30,-0.567232,0.698132,-0.174533,0.174533,-0.578055,0.691896,-0.143141,0.137865,2.16462,0.349221,-0.941763,1.10004
22,30,-0.567232,0.698132,-0.174533,0.174533,-0.578055,0.691896,-0.143141,0.137865,2.16462,0.349221,-0.941763,1.10004
22,30,-0.567232,0.698132,-0.174533,0.174533,-0.578055,0.691896,-0.143141,0.137865,2.16462,0.349221,-0.941763,1.10004
22,30,-0.567232,0.698132,-0.174533,0.174533,-0.578055,0.691896,-0.143141,0.137865,2.16462,0.349221,-0.941763,1.10004
22,30,-0.567232,0.698132,-0.174533,0.174533,-0.578055,0.691896,-0.143141,0.137865,2.16462,0.349221,-0.941763,1.10004
22,30,-0.567232,0.698132,-0.174533,0.174533,-0.578055,0.691896,-0.143141,0.137865,2.16462,0.349221,-0.941763,1.10004
22,30,-0.567232,0.698132,-0.174533,0.174533,-0.578055,0.691896,-0.143141,0.137865,2.16462,0.349221,-0.941763,1.10004
22,30,-0.567232,0.698132,-0.174533,0.174533,-0.578055,0.691896,-0.143141,0.137865,2.16462,0.349221,-0.941763,1.10004
22,30,-0.567232,0.698132,-0.174533,0.174533,-0.578055,0.691896,-0.143141,0.137865,2.16462,0.349221,-0.941763,1.10004
22,30,-0.567232,0.698132,-0.174533,0.174533,-0.578055,0.691896,-0.143141,0.137865,2.16462,0.349221,-0.941763,1.10004
22,30,-0.567232,0.698132,-0.174533,0.174533,-0.578055,0.691896,-0.143141,0.137865,2.16462,0.349221,-0.941763,1.10004
22,30,-0.567232,0.698132,-0.174533,0.174533,-0.578055,0.691896,-0.143141,0.137865,2.16462,0.349221,-0.941763,1.10004
22,30,-0.567232,0.698132,-0.174533,0.174533,-0.578055,0.691896,-0.143141,0.137865,2.16462,0.349221,-0.941763,1.10004
22,30,-0.567232,0.698132,-0.174533,0.174533,-0.578055,0.691896,-0.143141,0.137865,2.16462,0.349221,-0.941763,1.10004
22,30,-0.567232,0.698132,-0.174533,0.174533,-0.578055,0.691896,-0.143141,0.137865,2.16462,0.349221,-0.941763,1.10004
22,30,-0.567232,0.698132,-0.174533,0.174533,-0.578055,0.691896,-0.143141,0.137865,2.16462,0.349221,-0.941763,1.10004
22,30,-0.567232,0.698132,-0.174533,0.174533,-0.578055,0.691896,-0.143141,0.137865,2.16462,0.349221,-0.941763,1.10004
22,30,-0.567232,0.698132,-0.174533,0.174533,-0.578055,0.691896,-0.143141,0.137865,2.16462,0.349221,-0.941763,1.10004
22,30,-0.567232,0.698132,-0.174533,0.174533,-0.578055,0.691896,-0.143141,0.137865,2.16462,0.349221,-0.941763,1.10004
22,30,-0.567232,0.698132,-0.174533,0.174533,-0.578055,0.691896,-0.143141,0.137865,2.16462,0.349221,-0.941763,1.10004
22,30,-0.567232,0.698132,-0.174533,0.174533,-0.578055,0.691896,-0.143141,0.137865,2.16462,0.349221,-0.941763,1.10004
22,30,-0.567232,0.698132,-0.174533,0.174533,-0.578055,0.691896,-0.143141,0.137865,2.16462,0.349221,-0.941763,1.10004
22,30,-0.567232,0.698132,-0.174533,0.174533,-0.578055,0.691896,-0.143141,0.137865,2.16462,0.349221,-0.941763,1.10004
22,30,-0.567232,0.698132,-0.174533,0.174533,-0.578055,0.691896,-0.143141,0.137865,2.16462,0.349221,-0.941763,1.10004
22,30,-0.567232,0.698132,-0.174533,0.174533,-0.578055,0.691896,-0.143141,0.137865,2.16462,0.349221,-0.941763,1.10004
22,30,-0.567232,0.698132,-0.174533,0.174533,-0.578055,0.691896,-0.143141,0.137865,2.16462,0.349221,-0.941763,1.10004
22,30,-0.567232,0.698132,-0.174533,0.174533,-0.578055,0.691896,-0.143141,0.137865,2.16462,0.349221,-0.941763,1.10004
22,30,-0.567232,0.698132,-0.174533,0.174533,-0.578055,0.691896,-0.143141,0.137865,2.16462,0.349221,-0.941763,1.10004
22,30,-0.567232,0.698132,-0.174533,0.174533,-0.578055,0.691896,-0.143141,0.137865,2.16462,0.349221,-0.941763,1.10004
22,30,-0.567232,0.698132,-0.174533,0.174533,-0.578055,0.691896,-0.143141,0.137865,2.16462,0.349221,-0.941763,1.10004
22,30,-0.567232,0.698132,-0.174533,0.174533,-0.578055,0.691896,-0.143141,0.137865,2.16462,0.349221,-0.941763,1.10004
22,30,-0.567232,0.698132,-0.174533,0.174533,-0.578055,0.691896,-0.143141,0.137865,2.16462,0.349221,-0.941763,1.10004
22,30,-0.567232,0.698132,-0.174533,0.174533,-0.578055,0.691896,-0.143141,0.137865,2.16462,0.349221,-0.941763,1.10004
22,30,-0.567232,0.698132,-0.174533,0.174533,-0.578055,0.691896,-0.143141,0.137865,2.16462,0.349221,-0.941763,1.10004
22,30,-0.567232,0.698132,-0.174533,0.174533,-0.578055,0.691896,-0.143141,0.137865,2.16462,0.349221,-0.941763,1.10004
22,30,-0.567232,0.698132,-0.174533,0.174533,-0.578055,0.691896,-0.143141,0.137865,2.16462,0.349221,-0.941763,1.10004
22,30,-0.567232,0.698132,-0.174533,0.174533,-0.578055,0.691896,-0.143141,0.137865,2.16462,0.349221,-0.941763,1.10004
22,30,-0.567232,0.698132,-0.174533,0.174533,-0.578055,0.691896,-0.143141,0.137865,2.16462,0.349221,-0.941763,1.10004
22,30,-0.567232,0.698132,-0.174533,0.174533,-0.578055,0.691896,-0.143141,0.137865,2.16462,0.349221,-0.941763,1.10004
22,30,-0.567232,0.698132,-0.174533,0.174533,-0.578055,0.691896,-0.143141,0.137865,2.16462,0.349221,-0.941763,1.10004
22,30,-0.567232,0.698132,-0.174533,0.174533,-0.578055,0.691896,-0.143141,0.137865,2.16462,0.349221,-0.941763,1.10004
22,30,-0.567232,0.698132,-0.174533,0.174533,-0.578055,0.691896,-0.143141,0.137865,2.16462,0.349221,-0.941763,1.10004
22,30,-0.567232,0.698132,-0.174533,0.174533,-0.578055,0.691896,-0.143141,0.137865,2.16462,0.349221,-0.941763,1.10004
22,30,-0.567232,0.698132,-0.174533,0.174533,-0.578055,0.691896,-0.143141,0.137865,2.16462,0.349221,-0.941763,1.10004
22,30,-0.567232,0.698132,-0.174533,0.174533,-0.578055,0.691896,-0.143141,0.137865,2.16462,0.349221,-0.941763,1.10004
22,30,-0.567232,0.698132,-0.174533,0.174533,-0.578055,0.691896,-0.143141,0.137865,2.16462,0.349221,-0.941763,1.10004
22,30,-0.567232,0.698132,-0.174533,0.174533,-0.578055,0.691896,-0.143141,0.137865,2.16462,0.349221,-0.941763,1.10004
22,30,-0.567232,0.698132,-0.174533,0.174533,-0.578055,0.691896,-0.143141,0.137865,2.16462,0.349221,-0.941763,1.10004
22,30,-0.567232,0.698132,-0.174533,0.174533,-0.578055,0.691896,-0.143141,0.137865,2.16462,0.349221,-0.941763,1.10004
22,30,-0.567232,0.698132,-0.174533,0.174533,-0.578055,0.691896,-0.143141,0.137865,2.16462,0.349221,-0.941763,1.10004
22,30,-0.567232,0.698132,-0.174533,0.174533,-0.578055,0.691896,-0.143141,0.137865,2.16462,0.349221,-0.941763,1.10004
22,30,-0.567232,0.698132,-0.174533,0.174533,-0.578055,0.691896,-0.143141,0.137865,2.16462,0.349221,-0.941763,1.10004
22,30,-0.567232,0.698132,-0.174533,0.174533,-0.578055,0.691896,-0.143141,0.137865,2.16462,0.349221,-0.941763,1.10004
22,30,-0.567232,0.698132,-0.174533,0.174533,-0.578055,0.691896,-0.143141,0.137865,2.16462,0.349221,-0.941763,1.10004
22,30,-0.567232,0.698132,-0.174533,0.174533,-0.578055,0.691896,-0.143141,0.137865,2.16462,0.349221,-0.941763,1.10004
22,30,-0.567232,0.698132,-0.174533,0.174533,-0.578055,0.691896,-0.143141,0.137865,2.16462,0.349221,-0.941763,1.10004
22,30,-0.567232,0.698132,-0.174533,0.174533,-0.578055,0.691896,-0.143141,0.137865,2.16462,0.349221,-0.941763,1.10004
22,30,-0.567232,0.698132,-0.174533,0.174533,-0.578055,0.691896,-0.143141,0.137865,2.16462,0.349221,-0.941763,1.10004
22,30,-0.567232,0.698132,-0.174533,0.174533,-0.578055,0.691896,-0.143141,0.137865,2.16462,0.349221,-0.941763,1.10004
22,30,-0.567232,0.698132,-0.174533,0.174533,-0.578055,0.691896,-0.143141,0.137865,2.16462,0.349221,-0.941763,1.10004
22,30,-0.567232,0.698132,-0.174533,0.174533,-0.578055,0.691896,-0.143141,0.137865,2.16462,0.349221,-0.941763,1.10004
22,30,-0.567232,0.698132,-0.174533,0.174533,-0.578055,0.691896,-0.143141,0.137865,2.16462,0.349221,-0.941763,1.10004
22,30,-0.567232,0.698132,-0.174533,0.174533,-0.578055,0.691896,-0.143141,0.137865,2.16462,0.349221,-0.941763,1.10004
22,30,-0.567232,0.698132,-0.174533,0.174533,-0.578055,0.691896,-0.143141,0.137865,2.16462,0.349221,-0.941763,1.10004
22,30,-0.567232,0.698132,-0.174533,0.174533,-0.578055,0.691896,-0.143141,0.137865,2.16462,0.349221,-0.941763,1.10004
22,30,-0.567232,0.698132,-0.174533,0.174533,-0.578055,0.691896,-0.143141,0.137865,2.16462,0.349221,-0.941763,1.10004
22,30,-0.567232,0.698132,-0.174533,0.174533,-0.578055,0.691896,-0.143141,0.137865,2.16462,0.349221,-0.941763,1.10004
22,30,-0.567232,0.698132,-0.174533,0.174533,-0.578055,0.691896,-0.143141,0.137865,2.16462,0.349221,-0.941763,1.10004
22,30,-0.567232,0.698132,-0.174533,0.174533,-0.578055,0.691896,-0.143141,0.137865,2.16462,0.349221,-0.941763,1.10004
22,30,-0.567232,0.698132,-0.174533,0.174533,-0.578055,0.691896,-0.143141,0.137865,2.16462,0.349221,-0.941763,1.10004
22,30,-0.567232,0.698132,-0.174533,0.174533,-0.578055,0.691896,-0.143141,0.137865,2.16462,0.349221,-0.941763,1.10004
22,30,-0.567232,0.698132,-0.174533,0.174533,-0.578055,0.691896,-0.143141,0.137865,2.16462,0.349221,-0.941763,1.10004
22,30,-0.567232,0.698132,-0.174533,0.174533,-0.578055,0.691896,-0.143141,0.137865,2.16462,0.349221,-0.941763,1.10004
22,30,-0.567232,0.698132,-0.174533,0.174533,-0.578055,0.691896,-0.143141,0.137865,2.16462,0.349221,-0.941763,1.10004
22,30,-0.567232,0.698132,-0.174533,0.174533,-0.578055,0.691896,-0.143141,0.137865,2.16462,0.349221,-0.941763,1.10004
22,30,-0.567232,0.698132,-0.174533,0.174533,-0.578055,0.691896,-0.143141,0.137865,2.16462,0.349221,-0.941763,1.10004
22,30,-0.567232,0.698132,-0.174533,0.174533,-0.578055,0.691896,-0.143141,0.137865,2.16462,0.349221,-0.941763,1.10004
22,30,-0.567232,0.698132,-0.174533,0.174533,-0.578055,0.691896,-0.143141,0.137865,2.16462,0.349221,-0.941763,1.10004
22,30,-0.567232,0.698132,-0.174533,0.174533,-0.578055,0.691896,-0.143141,0.137865,2.16462,0.349221,-0.941763,1.10004
22,30,-0.567232,0.698132,-0.174533,0.174533,-0.578055,0.691896,-0.143141,0.137865,2.16462,0.349221,-0.941763,1.10004
22,30,-0.567232,0.698132,-0.174533,0.174533,-0.578055,0.691896,-0.143141,0.137865,2.16462,0.349221,-0.941763,1.10004
22,30,-0.567232,0.698132,-0.174533,0.174533,-0.578055,0.691896,-0.143141,0.137865,2.16462,0.349221,-0.941763,1.10004
22,30,-0.567232,0.698132,-0.174533,0.174533,-0.578055,0.691896,-0.143141,0.137865,2.16462,0.349221,-0.941763,1.10004
22,30,-0.567232,0.698132,-0.174533,0.174533,-0.578055,0.691896,-0.143141,0.137865,2.16462,0.349221,-0.941763,1.10004
22,30,-0.567232,0.698132,-0.174533,0.174533,-0.578055,0.691896,-0.143141,0.137865,2.16462,0.349221,-0.941763,1.10004
22,30,-0.567232,0.698132,-0.174533,0.174533,-0.578055,0.691896,-0.143141,0.137865,2.16462,0.349221,-0.941763,1.10004
22,30,-0.567232,0.698132,-0.174533,0.174533,-0.578055,0.691896,-0.143141,0.137865,2.16462,0.349221,-0.941763,1.10004
22,30,-0.567232,0.698132,-0.174533,0.174533,-0.578055,0.691896,-0.143141,0.137865,2.16462,0.349221,-0.941763,1.10004
22,30,-0.567232,0.698132,-0.174533,0.174533,-0.578055,0.691896,-0.143141,0.137865,2.16462,0.349221,-0.941763,1.10004
22,30,-0.567232,0.698132,-0.174533,0.174533,-0.578055,0.691896,-0.143141,0.137865,2.16462,0.349221,-0.941763,1.10004
22,30,-0.567232,0.698132,-0.174533,0.174533,-0.578055,0.691896,-0.143141,0.137865,2.16462,0.349221,-0.941763,1.10004
22,30,-0.567232,0.698132,-0.174533,0.174533,-0.578055,0.691896,-0.143141,0.137865,2.16462,0.349221,-0.941763,1.10004
22,30,-0.567232,0.698132,-0.174533,0.174533,-0.578055,0.691896,-0.143141,0.137865,2.16462,0.349221,-0.941763,1.10004
22,30,-0.567232,0.698132,-0.174533,0.174533,-0.578055,0.691896,-0.143141,0.137865,2.16462,0.349221,-0.941763,1.10004
22,30,-0.567232,0.698132,-0.174533,0.174533,-0.578055,0.691896,-0.143141,0.137865,2.16462,0.349221,-0.941763,1.10004
22,30,-0.567232,0.698132,-0.174533,0.174533,-0.578055,0.691896,-0.143141,0.137865,2.16462,0.349221,-0.941763,1.10004
22,30,-0.567232,0.698132,-0.174533,0.174533,-0.578055,0.691896,-0.143141,0.137865,2.16462,0.349221,-0.941763,1.10004
22,30,-0.567232,0.698132,-0.174533,0.174533,-0.578055,0.691896,-0.143141,0.137865,2.16462,0.349221,-0.941763,1.10004
22,30,-0.567232,0.698132,-0.174533,0.174533,-0.578055,0.691896,-0.143141,0.137865,2.16462,0.349221,-0.941763,1.10004
22,30,-0.567232,0.698132,-0.174533,0.174533,-0.578055,0.691896,-0.143141,0.137865,2.16462,0.349221,-0.941763,1.10004
22,30,-0.567232,0.698132,-0.174533,0.174533,-0.578055,0.691896,-0.143141,0.137865,2.16462,0.349221,-0.941763,1.10004
22,30,-0.567232,0.698132,-0.174533,0.174533,-0.578055,0.691896,-0.143141,0.137865,2.16462,0.349221,-0.941763,1.10004
22,30,-0.567232,0.698132,-0.174533,0.174533,-0.578055,0.691896,-0.143141,0.137865,2.16462,0.349221,-0.941763,1.10004
22,30,-0.567232,0.698132,-0.174533,0.174533,-0.578055,0.691896,-0.143141,0.137865,2.16462,0.349221,-0.941763,1.10004
22,30,-0.567232,0.698132,-0.174533,0.174533,-0.578055,0.691896,-0.143141,0.137865,2.16462,0.349221,-0.941763,1.10004
22,30,-0.567232,0.698132,-0.174533,0.174533,-0.578055,0.691896,-0.143141,0.137865,2.16462,0.349221,-0.941763,1.10004
22,30,-0.567232,0.698132,-0.174533,0.174533,-0.578055,0.691896,-0.143141,0.137865,2.16462,0.349221,-0.941763,1.10004
22,30,-0.567232,0.698132,-0.174533,0.174533,-0.578055,0.691896,-0.143141,0.137865,2.16462,0.349221,-0.941763,1.10004
22,30,-0.567232,0.698132,-0.174533,0.174533,-0.578055,0.691896,-0.143141,0.137865,2.16462,0.349221,-0.941763,1.10004
22,30,-0.567232,0.698132,-0.174533,0.174533,-0.578055,0.691896,-0.143141,0.137865,2.16462,0.349221,-0.941763,1.10004
22,30,-0.567232,0.698132,-0.174533,0.174533,-0.578055,0.691896,-0.143141,0.137865,2.16462,0.349221,-0.941763,1.10004
22,30,-0.567232,0.698132,-0.174533,0.174533,-0.578055,0.691896,-0.143141,0.137865,2.16462,0.349221,-0.941763,1.10004
22,30,-0.567232,0.698132,-0.174533,0.174533,-0.578055,0.691896,-0.143141,0.137865,2.16462,0.349221,-0.941763,1.10004
22,30,-0.567232,0.698132,-0.174533,0.174533,-0.578055,0.691896,-0.143141,0.137865,2.16462,0.349221,-0.941763,1.10004
22,30,-0.567232,0.698132,-0.174533,0.174533,-0.578055,0.691896,-0.143141,0.137865,2.16462,0.349221,-0.941763,1.10004
22,30,-0.567232,0.698132,-0.174533,0.174533,-0.578055,0.691896,-0.143141,0.137865,2.16462,0.349221,-0.941763,1.10004
22,30,-0.567232,0.698132,-0.174533,0.174533,-0.578055,0.691896,-0.143141,0.137865,2.16462,0.349221,-0.941763,1.10004
22,30,-0.567232,0.698132,-0.174533,0.174533,-0.578055,0.691896,-0.143141,0.137865,2.16462,0.349221,-0.941763,1.10004
22,30,-0.567232,0.698132,-0.174533,0.174533,-0.578055,0.691896,-0.143141,0.137865,2.16462,0.349221,-0.941763,1.10004
22,30,-0.567232,0.698132,-0.174533,0.174533,-0.578055,0.691896,-0.143141,0.137865,2.16462,0.349221,-0.941763,1.10004
22,30,-0.567232,0.698132,-0.174533,0.174533,-0.578055,0.691896,-0.143141,0.137865,2.16462,0.349221,-0.941763,1.10004
22,30,-0.567232,0.698132,-0.174533,0.174533,-0.578055,0.691896,-0.143141,0.137865,2.16462,0.349221,-0.941763,1.10004
22,30,-0.567232,0.698132,-0.174533,0.174533,-0.578055,0.691896,-0.143141,0.137865,2.16462,0.349221,-0.941763,1.10004
22,30,-0.567232,0.698132,-0.174533,0.174533,-0.578055,0.691896,-0.143141,0.137865,2.16462,0.349221,-0.941763,1.10004
22,30,-0.567232,0.698132,-0.174533,0.174533,-0.578055,0.691896,-0.143141,0.137865,2.16462,0.349221,-0.941763,1.10004
22,30,-0.567232,0.698132,-0.174533,0.174533,-0.578055,0.691896,-0.143141,0.137865,2.16462,0.349221,-0.941763,1.10004
22,30,-0.567232,0.698132,-0.174533,0.174533,-0.578055,0.691896,-0.143141,0.137865,2.16462,0.349221,-0.941763,1.10004
22,30,-0.567232,0.698132,-0.174533,0.174533,-0.578055,0.691896,-0.143141,0.137865,2.16462,0.349221,-0.941763,1.10004
22,30,-0.567232,0.698132,-0.174533,0.174533,-0.578055,0.691896,-0.143141,0.137865,2.16462,0.349221,-0.941763,1.10004
22,30,-0.567232,0.698132,-0.174533,0.174533,-0.578055,0.691896,-0.143141,0.137865,2.16462,0.349221,-0.941763,1.10004
22,30,-0.567232,0.698132,-0.174533,0.174533,-0.578055,0.691896,-0.143141,0.137865,2.16462,0.349221,-0.941763,1.10004
22,30,-0.567232,0.698132,-0.174533,0.174533,-0.578055,0.691896,-0.143141,0.137865,2.16462,0.349221,-0.941763,1.10004
22,30,-0.567232,0.698132,-0.174533,0.174533,-0.578055,0.691896,-0.143141,0.137865,2.16462,0.349221,-0.941763,1.10004
22,30,-0.567232,0.698132,-0.174533,0.174533,-0.578055,0.691896,-0.143141,0.137865,2.16462,0.349221,-0.941763,1.10004
22,30,-0.567232,0.698132,-0.174533,0.174533,-0.578055,0.691896,-0.143141,0.137865,2.16462,0.349221,-0.941763,1.10004
22,30,-0.567232,0.698132,-0.174533,0.174533,-0.578055,0.691896,-0.143141,0.137865,2.16462,0.349221,-0.941763,1.10004
22,30,-0.567232,0.698132,-0.174533,0.174533,-0.578055,0.691896,-0.143141,0.137865,2.16462,0.349221,-0.941763,1.10004
22,30,-0.567232,0.698132,-0.174533,0.174533,-0.578055,0.691896,-0.143141,0.137865,2.16462,0.349221,-0.941763,1.10004
22,30,-0.567232,0.698132,-0.174533,0.174533,-0.578055,0.691896,-0.143141,0.137865,2.16462,0.349221,-0.941763,1.10004
22,30,-0.567232,0.698132,-0.174533,0.174533,-0.578055,0.691896,-0.143141,0.137865,2.16462,0.349221,-0.941763,1.10004
22,30,-0.567232,0.698132,-0.174533,0.174533,-0.578055,0.691896,-0.143141,0.137865,2.16462,0.349221,-0.941763,1.10004
22,30,-0.567232,0.698132,-0.174533,0.174533,-0.578055,0.691896,-0.143141,0.137865,2.16462,0.349221,-0.941763,1.10004
22,30,-0.567232,0.698132,-0.174533,0.174533,-0.578055,0.691896,-0.143141,0.137865,2.16462,0.349221,-0.941763,1.10004
22,30,-0.567232,0.698132,-0.174533,0.174533,-0.578055,0.691896,-0.143141,0.137865,2.16462,0.349221,-0.941763,1.10004
22,30,-0.567232,0.698132,-0.174533,0.174533,-0.578055,0.691896,-0.143141,0.137865,2.16462,0.349221,-0.941763,1.10004
22,30,-0.567232,0.698132,-0.174533,0.174533,-0.578055,0.691896,-0.143141,0.137865,2.16462,0.349221,-0.941763,1.10004
22,30,-0.567232,0.698132,-0.174533,0.174533,-0.578055,0.691896,-0.143141,0.137865,2.16462,0.349221,-0.941763,1.10004
22,30,-0.567232,0.698132,-0.174533,0.174533,-0.578055,0.691896,-0.143141,0.137865,2.16462,0.349221,-0.941763,1.10004
22,30,-0.567232,0.698132,-0.174533,0.174533,-0.578055,0.691896,-0.143141,0.137865,2.16462,0.349221,-0.941763,1.10004
22,30,-0.567232,0.698132,-0.174533,0.174533,-0.578055,0.691896,-0.143141,0.137865,2.16462,0.349221,-0.941763,1.10004
22,30,-0.567232,0.698132,-0.174533,0.174533,-0.578055,0.691896,-0.143141,0.137865,2.16462,0.349221,-0.941763,1.10004
22,30,-0.567232,0.698132,-0.174533,0.174533,-0.578055,0.691896,-0.143141,0.137865,2.16462,0.349221,-0.941763,1.10004
22,30,-0.567232,0.698132,-0.174533,0.174533,-0.578055,0.691896,-0.143141,0.137865,2.16462,0.349221,-0.941763,1.10004
22,30,-0.567232,0.698132,-0.174533,0.174533,-0.578055,0.691896,-0.143141,0.137865,2.16462,0.349221,-0.941763,1.10004
22,30,-0.567232,0.698132,-0.174533,0.174533,-0.578055,0.691896,-0.143141,0.137865,2.16462,0.349221,-0.941763,1.10004
22,30,-0.567232,0.698132,-0.174533,0.174533,-0.578055,0.691896,-0.143141,0.137865,2.16462,0.349221,-0.941763,1.10004
22,30,-0.567232,0.698132,-0.174533,0.174533,-0.578055,0.691896,-0.143141,0.137865,2.16462,0.349221,-0.941763,1.10004
22,30,-0.567232,0.698132,-0.174533,0.174533,-0.578055,0.691896,-0.143141,0.137865,2.16462,0.349221,-0.941763,1.10004
22,30,-0.567232,0.698132,-0.174533,0.174533,-0.578055,0.691896,-0.143141,0.137865,2.16462,0.349221,-0.941763,1.10004
22,30,-0.567232,0.698132,-0.174533,0.174533,-0.578055,0.691896,-0.143141,0.137865,2.16462,0.349221,-0.941763,1.10004
22,30,-0.567232,0.698132,-0.174533,0.174533,-0.578055,0.691896,-0.143141,0.137865,2.16462,0.349221,-0.941763,1.10004
22,30,-0.567232,0.698132,-0.174533,0.174533,-0.578055,0.691896,-0.143141,0.137865,2.16462,0.349221,-0.941763,1.10004
22,30,-0.567232,0.698132,-0.174533,0.174533,-0.578055,0.691896,-0.143141,0.137865,2.16462,0.349221,-0.941763,1.10004
22,30,-0.567232,0.698132,-0.174533,0.174533,-0.578055,0.691896,-0.143141,0.137865,2.16462,0.349221,-0.941763,1.10004
22,30,-0.567232,0.698132,-0.174533,0.174533,-0.578055,0.691896,-0.143141,0.137865,2.16462,0.349221,-0.941763,1.10004
22,30,-0.567232,0.698132,-0.174533,0.174533,-0.578055,0.691896,-0.143141,0.137865,2.16462,0.349221,-0.941763,1.10004
22,30,-0.567232,0.698132,-0.174533,0.174533,-0.578055,0.691896,-0.143141,0.137865,2.16462,0.349221,-0.941763,1.10004
22,30,-0.567232,0.698132,-0.174533,0.174533,-0.578055,0.691896,-0.143141,0.137865,2.16462,0.349221,-0.941763,1.10004
22,30,-0.567232,0.698132,-0.174533,0.174533,-0.578055,0.691896,-0.143141,0.137865,2.16462,0.349221,-0.941763,1.10004
22,30,-0.567232,0.698132,-0.174533,0.174533,-0.578055,0.691896,-0.143141,0.137865,2.16462,0.349221,-0.941763,1.10004
22,30,-0.567232,0.698132,-0.174533,0.174533,-0.578055,0.691896,-0.143141,0.137865,2.16462,0.349221,-0.941763,1.10004
22,30,-0.567232,0.698132,-0.174533,0.174533,-0.578055,0.691896,-0.143141,0.137865,2.16462,0.349221,-0.941763,1.10004
22,30,-0.567232,0.698132,-0.174533,0.174533,-0.578055,0.691896,-0.143141,0.137865,2.16462,0.349221,-0.941763,1.10004
22,30,-0.567232,0.698132,-0.174533,0.174533,-0.578055,0.691896,-0.143141,0.137865,2.16462,0.349221,-0.941763,1.10004
22,30,-0.567232,0.698132,-0.174533,0.174533,-0.578055,0.691896,-0.143141,0.137865,2.16462,0.349221,-0.941763,1.10004
22,30,-0.567232,0.698132,-0.174533,0.174533,-0.578055,0.691896,-0.143141,0.137865,2.16462,0.349221,-0.941763,1.10004
22,30,-0.567232,0.698132,-0.174533,0.174533,-0.578055,0.691896,-0.143141,0.137865,2.16462,0.349221,-0.941763,1.10004
22,30,-0.567232,0.698132,-0.174533,0.174533,-0.578055,0.691896,-0.143141,0.137865,2.16462,0.349221,-0.941763,1.10004
22,30,-0.567232,0.698132,-0.174533,0.174533,-0.578055,0.691896,-0.143141,0.137865,2.16462,0.349221,-0.941763,1.10004
22,30,-0.567232,0.698132,-0.174533,0.174533,-0.578055,0.691896,-0.143141,0.137865,2.16462,0.349221,-0.941763,1.10004
22,30,-0.567232,0.698132,-0.174533,0.174533,-0.578055,0.691896,-0.143141,0.137865,2.16462,0.349221,-0.941763,1.10004
22,30,-0.567232,0.698132,-0.174533,0.174533,-0.578055,0.691896,-0.143141,0.137865,2.16462,0.349221,-0.941763,1.10004
22,30,-0.567232,0.698132,-0.174533,0.174533,-0.578055,0.691896,-0.143141,0.137865,2.16462,0.349221,-0.941763,1.10004
22,30,-0.567232,0.698132,-0.174533,0.174533,-0.578055,0.691896,-0.143141,0.137865,2.16462,0.349221,-0.941763,1.10004
22,30,-0.567232,0.698132,-0.174533,0.174533,-0.578055,0.691896,-0.143141,0.137865,2.16462,0.349221,-0.94177,1.10004
22,30,-0.567232,0.698132,-0.174533,0.174533,-0.578055,0.691896,-0.143141,0.137865,2.16462,0.349221,-0.94177,1.10004
22,30,-0.567232,0.698132,-0.174533,0.174533,-0.578055,0.691896,-0.143141,0.137865,2.16462,0.349221,-0.94177,1.10004
22,30,-0.567232,0.698132,-0.174533,0.174533,-0.578055,0.691896,-0.143141,0.137865,2.16462,0.349221,-0.94177,1.10004
22,30,-0.567232,0.698132,-0.174533,0.174533,-0.578055,0.691896,-0.143141,0.137865,2.16462,0.349221,-0.94177,1.10004
22,30,-0.567232,0.698132,-0.174533,0.174533,-0.578055,0.691896,-0.143141,0.137865,2.16462,0.349221,-0.94177,1.10004
22,30,-0.567232,0.698132,-0.174533,0.174533,-0.578055,0.691896,-0.143141,0.137865,2.16462,0.349221,-0.94177,1.10004
22,30,-0.567232,0.698132,-0.174533,0.174533,-0.578055,0.691896,-0.143141,0.137865,2.16462,0.349221,-0.94177,1.10004
22,30,-0.567232,0.698132,-0.174533,0.174533,-0.578055,0.691896,-0.143141,0.137865,2.16462,0.349221,-0.94177,1.10004
22,30,-0.567232,0.698132,-0.174533,0.174533,-0.578055,0.691896,-0.143141,0.137865,2.16462,0.349221,-0.94177,1.10004
22,30,-0.567232,0.698132,-0.174533,0.174533,-0.578055,0.691896,-0.143141,0.137865,2.16462,0.349221,-0.94177,1.10004
22,30,-0.567232,0.698132,-0.174533,0.174533,-0.578055,0.691896,-0.143141,0.137865,2.16462,0.349221,-0.94177,1.10004
22,30,-0.567232,0.698132,-0.174533,0.174533,-0.578055,0.691896,-0.143141,0.137865,2.16462,0.349221,-0.94177,1.10004
22,30,-0.567232,0.698132,-0.174533,0.174533,-0.578055,0.691896,-0.143141,0.137865,2.16462,0.349221,-0.94177,1.10004
22,30,-0.567232,0.698132,-0.174533,0.174533,-0.578055,0.691896,-0.143141,0.137865,2.16462,0.349221,-0.94177,1.10004
22,30,-0.567232,0.698132,-0.174533,0.174533,-0.578055,0.691896,-0.143141,0.137865,2.16462,0.349221,-0.94177,1.10004
22,30,-0.567232,0.698132,-0.174533,0.174533,-0.578055,0.691896,-0.143141,0.137865,2.16462,0.349221,-0.94177,1.10004
22,30,-0.567232,0.698132,-0.174533,0.174533,-0.578055,0.691896,-0.143141,0.137865,2.16462,0.349221,-0.94177,1.10004
22,30,-0.567232,0.698132,-0.174533,0.174533,-0.578055,0.691896,-0.143141,0.137865,2.16462,0.349221,-0.94177,1.10004
22,30,-0.567232,0.698132,-0.174533,0.174533,-0.578055,0.691896,-0.143141,0.137865,2.16462,0.349221,-0.94177,1.10004
22,30,-0.567232,0.698132,-0.174533,0.174533,-0.578055,0.691896,-0.143141,0.137865,2.16462,0.349221,-0.94177,1.10004
22,30,-0.567232,0.698132,-0.174533,0.174533,-0.578055,0.691896,-0.143141,0.137865,2.16462,0.349221,-0.94177,1.10004
22,30,-0.567232,0.698132,-0.174533,0.174533,-0.578055,0.691896,-0.143141,0.137865,2.16462,0.349221,-0.94177,1.10004
22,30,-0.567232,0.698132,-0.174533,0.174533,-0.578055,0.691896,-0.143141,0.137865,2.16462,0.349221,-0.94177,1.10004
22,30,-0.567232,0.698132,-0.174533,0.174533,-0.578055,0.691896,-0.143141,0.137865,2.16462,0.349221,-0.94177,1.10004
22,30,-0.567232,0.698132,-0.174533,0.174533,-0.578055,0.691896,-0.143141,0.137865,2.16462,0.349221,-0.94177,1.10004
22,30,-0.567232,0.698132,-0.174533,0.174533,-0.578055,0.691896,-0.143141,0.137865,2.16462,0.349221,-0.94177,1.10004
22,30,-0.567232,0.698132,-0.174533,0.174533,-0.578055,0.691896,-0.143141,0.137865,2.16462,0.349221,-0.94177,1.10004
22,30,-0.567232,0.698132,-0.174533,0.174533,-0.578055,0.691896,-0.143141,0.137865,2.16462,0.349221,-0.94177,1.10004
22,30,-0.567232,0.698132,-0.174533,0.174533,-0.578055,0.691896,-0.143141,0.137865,2.16462,0.349221,-0.94177,1.10004
22,30,-0.567232,0.698132,-0.174533,0.174533,-0.578055,0.691896,-0.143141,0.137865,2.16462,0.349221,-0.94177,1.10004
22,30,-0.567232,0.698132,-0.174533,0.174533,-0.578055,0.691896,-0.143141,0.137865,2.16462,0.349221,-0.94177,1.10004
22,30,-0.567232,0.698132,-0.174533,0.174533,-0.578055,0.691896,-0.143141,0.137865,2.16462,0.349221,-0.94177,1.10004
22,30,-0.567232,0.698132,-0.174533,0.174533,-0.578055,0.691896,-0.143141,0.137865,2.16462,0.349221,-0.94177,1.10004
22,30,-0.567232,0.698132,-0.174533,0.174533,-0.578055,0.691896,-0.143141,0.137865,2.16462,0.349221,-0.94177,1.10004
22,30,-0.567232,0.698132,-0.174533,0.174533,-0.578055,0.691896,-0.143141,0.137865,2.16462,0.349221,-0.94177,1.10004
22,30,-0.567232,0.698132,-0.174533,0.174533,-0.578055,0.691896,-0.143141,0.137865,2.16462,0.349221,-0.94177,1.10004
22,30,-0.567232,0.698132,-0.174533,0.174533,-0.578055,0.691896,-0.143141,0.137865,2.16462,0.349221,-0.94177,1.10004
22,30,-0.567232,0.698132,-0.174533,0.174533,-0.578055,0.691896,-0.143141,0.137865,2.16462,0.349221,-0.94177,1.10004
22,30,-0.567232,0.698132,-0.174533,0.174533,-0.578055,0.691896,-0.143141,0.137865,2.16462,0.349221,-0.94177,1.10004
22,30,-0.567232,0.698132,-0.174533,0.174533,-0.578055,0.691896,-0.143141,0.137865,2.16462,0.349221,-0.94177,1.10004
22,30,-0.567232,0.698132,-0.174533,0.174533,-0.578055,0.691896,-0.143141,0.137865,2.16462,0.349221,-0.94177,1.10004
22,30,-0.567232,0.698132,-0.174533,0.174533,-0.578055,0.691896,-0.143141,0.137865,2.16462,0.349221,-0.94177,1.10004
22,30,-0.567232,0.698132,-0.174533,0.174533,-0.578055,0.691896,-0.143141,0.137865,2.16462,0.349221,-0.94177,1.10004
22,30,-0.567232,0.698132,-0.174533,0.174533,-0.578055,0.691896,-0.143141,0.137865,2.16462,0.349221,-0.94177,1.10004
22,30,-0.567232,0.698132,-0.174533,0.174533,-0.578055,0.691896,-0.143141,0.137865,2.16462,0.349221,-0.94177,1.10004
22,30,-0.567232,0.698132,-0.174533,0.174533,-0.578055,0.691896,-0.143141,0.137865,2.16462,0.349221,-0.94177,1.10004
22,30,-0.567232,0.698132,-0.174533,0.174533,-0.578055,0.691896,-0.143141,0.137865,2.16462,0.349221,-0.94177,1.10004
22,30,-0.567232,0.698132,-0.174533,0.174533,-0.578055,0.691896,-0.143141,0.137865,2.16462,0.349221,-0.94177,1.10004
22,30,-0.567232,0.698132,-0.174533,0.174533,-0.578055,0.691896,-0.143141,0.137865,2.16462,0.349221,-0.94177,1.10004
22,30,-0.567232,0.698132,-0.174533,0.174533,-0.578055,0.691896,-0.143141,0.137865,2.16462,0.349221,-0.94177,1.10004
22,30,-0.567232,0.698132,-0.174533,0.174533,-0.578055,0.691896,-0.143141,0.137865,2.16462,0.349221,-0.94177,1.10004
22,30,-0.567232,0.698132,-0.174533,0.174533,-0.578055,0.691896,-0.143141,0.137865,2.16462,0.349221,-0.94177,1.10004
22,30,-0.567232,0.698132,-0.174533,0.174533,-0.578055,0.691896,-0.143141,0.137865,2.16462,0.349221,-0.94177,1.10004
22,30,-0.567232,0.698132,-0.174533,0.174533,-0.578055,0.691896,-0.143141,0.137865,2.16462,0.349221,-0.94177,1.10004
22,30,-0.567232,0.698132,-0.174533,0.174533,-0.578055,0.691896,-0.143141,0.137865,2.16462,0.349221,-0.94177,1.10004
22,30,-0.567232,0.698132,-0.174533,0.174533,-0.578055,0.691896,-0.143141,0.137865,2.16462,0.349221,-0.94177,1.10004
22,30,-0.567232,0.698132,-0.174533,0.174533,-0.578055,0.691896,-0.143141,0.137865,2.16462,0.349221,-0.94177,1.10004
22,30,-0.567232,0.698132,-0.174533,0.174533,-0.578055,0.691896,-0.143141,0.137865,2.16462,0.349221,-0.94177,1.10004
22,30,-0.567232,0.698132,-0.174533,0.174533,-0.578055,0.691896,-0.143141,0.137865,2.16462,0.349221,-0.94177,1.10004
22,30,-0.567232,0.698132,-0.174533,0.174533,-0.578055,0.691896,-0.143141,0.137865,2.16462,0.349221,-0.94177,1.10004
22,30,-0.567232,0.698132,-0.174533,0.174533,-0.578055,0.691896,-0.143141,0.137865,2.16462,0.349221,-0.94177,1.10004
22,30,-0.567232,0.698132,-0.174533,0.174533,-0.578055,0.691896,-0.143141,0.137865,2.16462,0.349221,-0.94177,1.10004
22,30,-0.567232,0.698132,-0.174533,0.174533,-0.578055,0.691896,-0.143141,0.137865,2.16462,0.349221,-0.94177,1.10004
22,30,-0.567232,0.698132,-0.174533,0.174533,-0.578055,0.691896,-0.143141,0.137865,2.16462,0.349221,-0.94177,1.10004
22,30,-0.567232,0.698132,-0.174533,0.174533,-0.578055,0.691896,-0.143141,0.137865,2.16462,0.349221,-0.94177,1.10004
22,30,-0.567232,0.698132,-0.174533,0.174533,-0.578055,0.691896,-0.143141,0.137865,2.16462,0.349221,-0.94177,1.10004
22,30,-0.567232,0.698132,-0.174533,0.174533,-0.578055,0.691896,-0.143193,0.137891,2.16462,0.349221,-0.940195,1.09925
22,30,-0.567232,0.698132,-0.174533,0.174533,-0.578055,0.691896,-0.143193,0.137891,2.16462,0.349221,-0.940195,1.09925
22,30,-0.567232,0.698132,-0.174533,0.174533,-0.578055,0.691896,-0.143193,0.137891,2.16462,0.349221,-0.940195,1.09925
22,30,-0.567232,0.698132,-0.174533,0.174533,-0.578055,0.691896,-0.143193,0.137891,2.16462,0.349221,-0.940195,1.09925
22,30,-0.567232,0.698132,-0.174533,0.174533,-0.578055,0.691896,-0.143193,0.137891,2.16462,0.349221,-0.940195,1.09925
22,30,-0.567232,0.698132,-0.174533,0.174533,-0.578055,0.691896,-0.143193,0.137891,2.16462,0.349221,-0.940195,1.09925
22,30,-0.567232,0.698132,-0.174533,0.174533,-0.578055,0.691896,-0.143193,0.137891,2.16462,0.349221,-0.940195,1.09925
22,30,-0.567232,0.698132,-0.174533,0.174533,-0.578055,0.691896,-0.143193,0.137891,2.16462,0.349221,-0.940195,1.09925
22,30,-0.567232,0.698132,-0.174533,0.174533,-0.578055,0.691896,-0.143193,0.137891,2.16462,0.349221,-0.940195,1.09925
22,30,-0.567232,0.698132,-0.174533,0.174533,-0.578055,0.691896,-0.143193,0.137891,2.16462,0.349221,-0.940195,1.09925
22,30,-0.567232,0.698132,-0.174533,0.174533,-0.578055,0.691896,-0.143193,0.137891,2.16462,0.349221,-0.940195,1.09925
22,30,-0.567232,0.698132,-0.174533,0.174533,-0.578055,0.691896,-0.143193,0.137891,2.16462,0.349221,-0.940195,1.09925
22,30,-0.567232,0.698132,-0.174533,0.174533,-0.578055,0.691896,-0.143193,0.137891,2.16462,0.349221,-0.940195,1.09925
22,30,-0.567232,0.698132,-0.174533,0.174533,-0.578055,0.691896,-0.143193,0.137891,2.16462,0.349221,-0.940195,1.09925
22,30,-0.567232,0.698132,-0.174533,0.174533,-0.578055,0.691896,-0.143193,0.137891,2.16462,0.349221,-0.940195,1.09925
22,30,-0.567232,0.698132,-0.174533,0.174533,-0.578055,0.691896,-0.143193,0.137891,2.16462,0.349221,-0.940195,1.09925
22,30,-0.567232,0.698132,-0.174533,0.174533,-0.578055,0.691896,-0.143193,0.137891,2.16462,0.349221,-0.940195,1.09925
22,30,-0.567232,0.698132,-0.174533,0.174533,-0.578055,0.691896,-0.143193,0.137891,2.16462,0.349221,-0.940195,1.09925
22,30,-0.567232,0.698132,-0.174533,0.174533,-0.578055,0.691896,-0.143193,0.137891,2.16462,0.349221,-0.940195,1.09925
22,30,-0.567232,0.698132,-0.174533,0.174533,-0.578055,0.691896,-0.143193,0.137891,2.16462,0.349221,-0.940195,1.09925
22,30,-0.567232,0.698132,-0.174533,0.174533,-0.578055,0.691896,-0.143193,0.137891,2.16462,0.349221,-0.940195,1.09925
22,30,-0.567232,0.698132,-0.174533,0.174533,-0.578055,0.691896,-0.143193,0.137891,2.16462,0.349221,-0.940195,1.09925
22,30,-0.567232,0.698132,-0.174533,0.174533,-0.578055,0.691896,-0.143193,0.137891,2.16462,0.349221,-0.940195,1.09925
22,30,-0.567232,0.698132,-0.174533,0.174533,-0.578055,0.691896,-0.143193,0.137891,2.16462,0.349221,-0.940195,1.09925
22,30,-0.567232,0.698132,-0.174533,0.174533,-0.578055,0.691896,-0.143193,0.137891,2.16462,0.349221,-0.940195,1.09925
22,30,-0.567232,0.698132,-0.174533,0.174533,-0.578055,0.691896,-0.143193,0.137891,2.16462,0.349221,-0.940195,1.09925
22,30,-0.567232,0.698132,-0.174533,0.174533,-0.578055,0.691896,-0.143193,0.137891,2.16462,0.349221,-0.940195,1.09925
22,30,-0.567232,0.698132,-0.174533,0.174533,-0.578055,0.691896,-0.143193,0.137891,2.16462,0.349221,-0.940195,1.09925
22,30,-0.567232,0.698132,-0.174533,0.174533,-0.578055,0.691896,-0.143193,0.137891,2.16462,0.349221,-0.940195,1.09925
22,30,-0.567232,0.698132,-0.174533,0.174533,-0.578055,0.691896,-0.143193,0.137891,2.16462,0.349221,-0.940195,1.09925
22,30,-0.567232,0.698132,-0.174533,0.174533,-0.578055,0.691896,-0.143193,0.137891,2.16462,0.349221,-0.940195,1.09925
22,30,-0.567232,0.698132,-0.174533,0.174533,-0.578055,0.691896,-0.143193,0.137891,2.16462,0.349221,-0.940195,1.09925
22,30,-0.567232,0.698132,-0.174533,0.174533,-0.578055,0.691896,-0.143193,0.137891,2.16462,0.349221,-0.940195,1.09925
22,30,-0.567232,0.698132,-0.174533,0.174533,-0.578055,0.691896,-0.143193,0.137891,2.16462,0.349221,-0.940195,1.09925
22,30,-0.567232,0.698132,-0.174533,0.174533,-0.578055,0.691896,-0.143193,0.137891,2.16462,0.349221,-0.940195,1.09925
22,30,-0.567232,0.698132,-0.174533,0.174533,-0.578055,0.691896,-0.143193,0.137891,2.16462,0.349221,-0.940195,1.09925
22,30,-0.567232,0.698132,-0.174533,0.174533,-0.578055,0.691896,-0.143193,0.137891,2.16462,0.349221,-0.940195,1.09925
22,30,-0.567232,0.698132,-0.174533,0.174533,-0.578055,0.691896,-0.143193,0.137891,2.16462,0.349221,-0.940195,1.09925
22,30,-0.567232,0.698132,-0.174533,0.174533,-0.578055,0.691896,-0.143193,0.137891,2.16462,0.349221,-0.940195,1.09925
22,30,-0.567232,0.698132,-0.174533,0.174533,-0.578055,0.691896,-0.143193,0.137891,2.16462,0.349221,-0.940195,1.09925
22,30,-0.567232,0.698132,-0.174533,0.174533,-0.578055,0.691896,-0.143193,0.137891,2.16462,0.349221,-0.940195,1.09925
22,30,-0.567232,0.698132,-0.174533,0.174533,-0.578055,0.691896,-0.143193,0.137891,2.16462,0.349221,-0.940195,1.09925
22,30,-0.567232,0.698132,-0.174533,0.174533,-0.578055,0.691896,-0.143193,0.137891,2.16462,0.349221,-0.940195,1.09925
22,30,-0.567232,0.698132,-0.174533,0.174533,-0.578055,0.691896,-0.143193,0.137891,2.16462,0.349221,-0.940195,1.09925
22,30,-0.567232,0.698132,-0.174533,0.174533,-0.578055,0.691896,-0.143193,0.137891,2.16462,0.349221,-0.940195,1.09925
22,30,-0.567232,0.698132,-0.174533,0.174533,-0.578055,0.691896,-0.143193,0.137891,2.16462,0.349221,-0.940195,1.09925
22,30,-0.567232,0.698132,-0.174533,0.174533,-0.578055,0.691896,-0.143193,0.137891,2.16462,0.349221,-0.940195,1.09925
22,30,-0.567232,0.698132,-0.174533,0.174533,-0.578055,0.691896,-0.143193,0.137891,2.16462,0.349221,-0.940195,1.09925
22,30,-0.567232,0.698132,-0.174533,0.174533,-0.578055,0.691896,-0.143193,0.137891,2.16462,0.349221,-0.940195,1.09925
22,30,-0.567232,0.698132,-0.174533,0.174533,-0.578055,0.691896,-0.143193,0.137891,2.16462,0.349221,-0.940195,1.09925
22,30,-0.567232,0.698132,-0.174533,0.174533,-0.578055,0.691896,-0.143193,0.137891,2.16462,0.349221,-0.940195,1.09925
22,30,-0.567232,0.698132,-0.174533,0.174533,-0.578055,0.691896,-0.143193,0.137891,2.16462,0.349221,-0.940195,1.09925
22,30,-0.567232,0.698132,-0.174533,0.174533,-0.578055,0.691896,-0.143193,0.137891,2.16462,0.349221,-0.940195,1.09925
22,30,-0.567232,0.698132,-0.174533,0.174533,-0.578055,0.691896,-0.143193,0.137891,2.16462,0.349221,-0.940195,1.09925
22,30,-0.567232,0.698132,-0.174533,0.174533,-0.578055,0.691896,-0.143193,0.137891,2.16462,0.349221,-0.940195,1.09925
22,30,-0.567232,0.698132,-0.174533,0.174533,-0.578055,0.691896,-0.143193,0.137891,2.16462,0.349221,-0.940195,1.09925
22,30,-0.567232,0.698132,-0.174533,0.174533,-0.578055,0.691896,-0.143193,0.137891,2.16462,0.349221,-0.940195,1.09925
22,30,-0.567232,0.698132,-0.174533,0.174533,-0.578055,0.691896,-0.143193,0.137891,2.16462,0.349221,-0.940195,1.09925
22,30,-0.567232,0.698132,-0.174533,0.174533,-0.578055,0.691896,-0.143193,0.137891,2.16462,0.349221,-0.940195,1.09925
22,30,-0.567232,0.698132,-0.174533,0.174533,-0.578055,0.691896,-0.143193,0.137891,2.16462,0.349221,-0.940195,1.09925
22,30,-0.567232,0.698132,-0.174533,0.174533,-0.578055,0.691896,-0.143193,0.137891,2.16462,0.349221,-0.940195,1.09925
22,30,-0.567232,0.698132,-0.174533,0.174533,-0.578055,0.691896,-0.143193,0.137891,2.16462,0.349221,-0.940195,1.09925
22,30,-0.567232,0.698132,-0.174533,0.174533,-0.578055,0.691896,-0.143193,0.137891,2.16462,0.349221,-0.940195,1.09925
22,30,-0.567232,0.698132,-0.174533,0.174533,-0.578055,0.691896,-0.143193,0.137891,2.16462,0.349221,-0.940195,1.09925
22,30,-0.567232,0.698132,-0.174533,0.174533,-0.578055,0.691896,-0.143193,0.137891,2.16462,0.349221,-0.940195,1.09925
22,30,-0.567232,0.698132,-0.174533,0.174533,-0.578055,0.691896,-0.143193,0.137891,2.16462,0.349221,-0.940195,1.09925
22,30,-0.567232,0.698132,-0.174533,0.174533,-0.578055,0.691896,-0.143193,0.137891,2.16462,0.349221,-0.940195,1.09925
22,30,-0.567232,0.698132,-0.174533,0.174533,-0.578055,0.691896,-0.143193,0.137891,2.16462,0.349221,-0.940195,1.09925
22,30,-0.567232,0.698132,-0.174533,0.174533,-0.578055,0.691896,-0.143193,0.137891,2.16462,0.349221,-0.940195,1.09925
22,30,-0.567232,0.698132,-0.174533,0.174533,-0.578055,0.691896,-0.143193,0.137891,2.16462,0.349221,-0.940195,1.09925
22,30,-0.567232,0.698132,-0.174533,0.174533,-0.578055,0.691896,-0.143193,0.137891,2.16462,0.349221,-0.940195,1.09925
22,30,-0.567232,0.698132,-0.174533,0.174533,-0.578055,0.691896,-0.143193,0.137891,2.16462,0.349221,-0.940195,1.09925
22,30,-0.567232,0.698132,-0.174533,0.174533,-0.578055,0.691896,-0.143193,0.137891,2.16462,0.349221,-0.940195,1.09925
22,30,-0.567232,0.698132,-0.174533,0.174533,-0.578055,0.691896,-0.143193,0.137891,2.16462,0.349221,-0.940195,1.09925
22,30,-0.567232,0.698132,-0.174533,0.174533,-0.578055,0.691896,-0.143193,0.137891,2.16462,0.349221,-0.940195,1.09925
22,30,-0.567232,0.698132,-0.174533,0.174533,-0.578055,0.691896,-0.143193,0.137891,2.16462,0.349221,-0.940195,1.09925
22,30,-0.567232,0.698132,-0.174533,0.174533,-0.578055,0.691896,-0.143193,0.137891,2.16462,0.349221,-0.940195,1.09925
22,30,-0.567232,0.698132,-0.174533,0.174533,-0.578055,0.691896,-0.143193,0.137891,2.16462,0.349221,-0.940195,1.09925
22,30,-0.567232,0.698132,-0.174533,0.174533,-0.578055,0.691896,-0.143193,0.137891,2.16462,0.349221,-0.940195,1.09925
22,30,-0.567232,0.698132,-0.174533,0.174533,-0.578055,0.691896,-0.143193,0.137891,2.16462,0.349221,-0.940195,1.09925
22,30,-0.567232,0.698132,-0.174533,0.174533,-0.578055,0.691896,-0.143193,0.137891,2.16462,0.349221,-0.940195,1.09925
22,30,-0.567232,0.698132,-0.174533,0.174533,-0.578055,0.691896,-0.143193,0.137891,2.16462,0.349221,-0.940195,1.09925
22,30,-0.567232,0.698132,-0.174533,0.174533,-0.578055,0.691896,-0.143193,0.137891,2.16462,0.349221,-0.940195,1.09925
22,30,-0.567232,0.698132,-0.174533,0.174533,-0.578055,0.691896,-0.143193,0.137891,2.16462,0.349221,-0.940195,1.09925
22,30,-0.567232,0.698132,-0.174533,0.174533,-0.578055,0.691896,-0.143193,0.137891,2.16462,0.349221,-0.940195,1.09925
22,30,-0.567232,0.698132,-0.174533,0.174533,-0.578055,0.691896,-0.143193,0.137891,2.16462,0.349221,-0.940195,1.09925
22,30,-0.567232,0.698132,-0.174533,0.174533,-0.578055,0.691896,-0.143193,0.137891,2.16462,0.349221,-0.940195,1.09925
22,30,-0.567232,0.698132,-0.174533,0.174533,-0.578055,0.691896,-0.143193,0.137891,2.16462,0.349221,-0.940195,1.09925
22,30,-0.567232,0.698132,-0.174533,0.174533,-0.578055,0.691896,-0.143193,0.137891,2.16462,0.349221,-0.940195,1.09925
22,30,-0.567232,0.698132,-0.174533,0.174533,-0.578055,0.691896,-0.143193,0.137891,2.16462,0.349221,-0.940195,1.09925
22,30,-0.567232,0.698132,-0.174533,0.174533,-0.578055,0.691896,-0.143193,0.137891,2.16462,0.349221,-0.940195,1.09925
22,30,-0.567232,0.698132,-0.174533,0.174533,-0.578055,0.691896,-0.143193,0.137891,2.16462,0.349221,-0.940195,1.09925
22,30,-0.567232,0.698132,-0.174533,0.174533,-0.578055,0.691896,-0.143193,0.137891,2.16462,0.349221,-0.940195,1.09925
22,30,-0.567232,0.698132,-0.174533,0.174533,-0.578055,0.691896,-0.143193,0.137891,2.16462,0.349221,-0.940195,1.09925
22,30,-0.567232,0.698132,-0.174533,0.174533,-0.578055,0.691896,-0.143193,0.137891,2.16462,0.349221,-0.940195,1.09925
22,30,-0.567232,0.698132,-0.174533,0.174533,-0.578055,0.691896,-0.143193,0.137891,2.16462,0.349221,-0.940195,1.09925
22,30,-0.567232,0.698132,-0.174533,0.174533,-0.578055,0.691896,-0.143193,0.137891,2.16462,0.349221,-0.940195,1.09925
22,30,-0.567232,0.698132,-0.174533,0.174533,-0.578055,0.691896,-0.143193,0.137891,2.16462,0.349221,-0.940195,1.09925
22,30,-0.567232,0.698132,-0.174533,0.174533,-0.578055,0.691896,-0.143193,0.137891,2.16462,0.349221,-0.940195,1.09925
22,30,-0.567232,0.698132,-0.174533,0.174533,-0.578055,0.691896,-0.143193,0.137891,2.16462,0.349221,-0.940195,1.09925
22,30,-0.567232,0.698132,-0.174533,0.174533,-0.578055,0.691896,-0.143193,0.137891,2.16462,0.349221,-0.940195,1.09925
22,30,-0.567232,0.698132,-0.174533,0.174533,-0.578055,0.691896,-0.143193,0.137891,2.16462,0.349221,-0.940195,1.09925
22,30,-0.567232,0.698132,-0.174533,0.174533,-0.578055,0.691896,-0.143193,0.137891,2.16462,0.349221,-0.940195,1.09925
22,30,-0.567232,0.698132,-0.174533,0.174533,-0.578055,0.691896,-0.143193,0.137891,2.16462,0.349221,-0.940195,1.09925
22,30,-0.567232,0.698132,-0.174533,0.174533,-0.578055,0.691896,-0.143193,0.137891,2.16462,0.349221,-0.940195,1.09925
22,30,-0.567232,0.698132,-0.174533,0.174533,-0.578055,0.691896,-0.143193,0.137891,2.16462,0.349221,-0.940195,1.09925
22,30,-0.567232,0.698132,-0.174533,0.174533,-0.578055,0.691896,-0.143193,0.137891,2.16462,0.349221,-0.940195,1.09925
22,30,-0.567232,0.698132,-0.174533,0.174533,-0.578055,0.691896,-0.143193,0.137891,2.16462,0.349221,-0.940195,1.09925
22,30,-0.567232,0.698132,-0.174533,0.174533,-0.578055,0.691896,-0.143193,0.137891,2.16462,0.349221,-0.940195,1.09925
22,30,-0.567232,0.698132,-0.174533,0.174533,-0.578055,0.691896,-0.143193,0.137891,2.16462,0.349221,-0.940195,1.09925
22,30,-0.567232,0.698132,-0.174533,0.174533,-0.578055,0.691896,-0.143193,0.137891,2.16462,0.349221,-0.940195,1.09925
22,30,-0.567232,0.698132,-0.174533,0.174533,-0.578055,0.691896,-0.143193,0.137891,2.16462,0.349221,-0.940195,1.09925
22,30,-0.567232,0.698132,-0.174533,0.174533,-0.578055,0.691896,-0.143193,0.137891,2.16462,0.349221,-0.940195,1.09925
22,30,-0.567232,0.698132,-0.174533,0.174533,-0.578055,0.691896,-0.143193,0.137891,2.16462,0.349221,-0.940195,1.09925
22,30,-0.567232,0.698132,-0.174533,0.174533,-0.578055,0.691896,-0.143193,0.137891,2.16462,0.349221,-0.940195,1.09925
22,30,-0.567232,0.698132,-0.174533,0.174533,-0.578055,0.691896,-0.143193,0.137891,2.16462,0.349221,-0.940195,1.09925
22,30,-0.567232,0.698132,-0.174533,0.174533,-0.578055,0.691896,-0.143193,0.137891,2.16462,0.349221,-0.940195,1.09925
22,30,-0.567232,0.698132,-0.174533,0.174533,-0.578055,0.691896,-0.143193,0.137891,2.16462,0.349221,-0.940195,1.09925
22,30,-0.567232,0.698132,-0.174533,0.174533,-0.578055,0.691896,-0.143193,0.137891,2.16462,0.349221,-0.940195,1.09925
22,30,-0.567232,0.698132,-0.174533,0.174533,-0.578055,0.691896,-0.143193,0.137891,2.16462,0.349221,-0.940195,1.09925
22,30,-0.567232,0.698132,-0.174533,0.174533,-0.578055,0.691896,-0.143193,0.137891,2.16462,0.349221,-0.940195,1.09925
22,30,-0.567232,0.698132,-0.174533,0.174533,-0.578055,0.691896,-0.143193,0.137891,2.16462,0.349221,-0.940195,1.09925
22,30,-0.567232,0.698132,-0.174533,0.174533,-0.578055,0.691896,-0.143193,0.137891,2.16462,0.349221,-0.940195,1.09925
22,30,-0.567232,0.698132,-0.174533,0.174533,-0.578055,0.691896,-0.143193,0.137891,2.16462,0.349221,-0.940195,1.09925
22,30,-0.567232,0.698132,-0.174533,0.174533,-0.578055,0.691896,-0.143193,0.137891,2.16462,0.349221,-0.940195,1.09925
22,30,-0.567232,0.698132,-0.174533,0.174533,-0.578055,0.691896,-0.143193,0.137891,2.16462,0.349221,-0.940195,1.09925
22,30,-0.567232,0.698132,-0.174533,0.174533,-0.578055,0.691896,-0.143193,0.137891,2.16462,0.349221,-0.940195,1.09925
22,30,-0.567232,0.698132,-0.174533,0.174533,-0.578055,0.691896,-0.143193,0.137891,2.16462,0.349221,-0.940195,1.09925
22,30,-0.567232,0.698132,-0.174533,0.174533,-0.578055,0.691896,-0.143193,0.137891,2.16462,0.349221,-0.940195,1.09925
22,30,-0.567232,0.698132,-0.174533,0.174533,-0.578055,0.691896,-0.143193,0.137891,2.16462,0.349221,-0.940195,1.09925
22,30,-0.567232,0.698132,-0.174533,0.174533,-0.578055,0.691896,-0.143193,0.137891,2.16462,0.349221,-0.940195,1.09925
22,30,-0.567232,0.698132,-0.174533,0.174533,-0.578055,0.691896,-0.143193,0.137891,2.16462,0.349221,-0.940195,1.09925
22,30,-0.567232,0.698132,-0.174533,0.174533,-0.578055,0.691896,-0.143193,0.137891,2.16462,0.349221,-0.940195,1.09925
22,30,-0.567232,0.698132,-0.174533,0.174533,-0.578055,0.691896,-0.143193,0.137891,2.16462,0.349221,-0.940195,1.09925
22,30,-0.567232,0.698132,-0.174533,0.174533,-0.578055,0.691896,-0.143193,0.137891,2.16462,0.349221,-0.940195,1.09925
22,30,-0.567232,0.698132,-0.174533,0.174533,-0.578055,0.691896,-0.143193,0.137891,2.16462,0.349221,-0.940195,1.09925
22,30,-0.567232,0.698132,-0.174533,0.174533,-0.578055,0.691896,-0.143193,0.137891,2.16462,0.349221,-0.940195,1.09925
22,30,-0.567232,0.698132,-0.174533,0.174533,-0.578055,0.691896,-0.143193,0.137891,2.16462,0.349221,-0.940195,1.09925
22,30,-0.567232,0.698132,-0.174533,0.174533,-0.578055,0.691896,-0.143193,0.137891,2.16462,0.349221,-0.940195,1.09925
22,30,-0.567232,0.698132,-0.174533,0.174533,-0.578055,0.691896,-0.143193,0.137891,2.16462,0.349221,-0.940195,1.09925
22,30,-0.567232,0.698132,-0.174533,0.174533,-0.578055,0.691896,-0.143193,0.137891,2.16462,0.349221,-0.940195,1.09925
22,30,-0.567232,0.698132,-0.174533,0.174533,-0.578055,0.691896,-0.143193,0.137891,2.16462,0.349221,-0.940195,1.09925
22,30,-0.567232,0.698132,-0.174533,0.174533,-0.578055,0.691896,-0.143193,0.137891,2.16462,0.349221,-0.940195,1.09925
22,30,-0.567232,0.698132,-0.174533,0.174533,-0.578055,0.691896,-0.143193,0.137891,2.16462,0.349221,-0.940195,1.09925
22,30,-0.567232,0.698132,-0.174533,0.174533,-0.578055,0.691896,-0.143193,0.137891,2.16462,0.349221,-0.940195,1.09925
22,30,-0.567232,0.698132,-0.174533,0.174533,-0.578055,0.691896,-0.143193,0.137891,2.16462,0.349221,-0.940195,1.09925
22,30,-0.567232,0.698132,-0.174533,0.174533,-0.578055,0.691896,-0.143193,0.137891,2.16462,0.349221,-0.940195,1.09925
22,30,-0.567232,0.698132,-0.174533,0.174533,-0.578055,0.691896,-0.143193,0.137891,2.16462,0.349221,-0.940195,1.09925
22,30,-0.567232,0.698132,-0.174533,0.174533,-0.578055,0.691896,-0.143193,0.137891,2.16462,0.349221,-0.940195,1.09925
22,30,-0.567232,0.698132,-0.174533,0.174533,-0.578055,0.691896,-0.143193,0.137891,2.16462,0.349221,-0.940195,1.09925
22,30,-0.567232,0.698132,-0.174533,0.174533,-0.578055,0.691896,-0.143193,0.137891,2.16462,0.349221,-0.940195,1.09925
22,30,-0.567232,0.698132,-0.174533,0.174533,-0.578055,0.691896,-0.143193,0.137891,2.16462,0.349221,-0.940195,1.09925
22,30,-0.567232,0.698132,-0.174533,0.174533,-0.578055,0.691896,-0.143193,0.137891,2.16462,0.349221,-0.940195,1.09925
22,30,-0.567232,0.698132,-0.174533,0.174533,-0.578055,0.691896,-0.143193,0.137891,2.16462,0.349221,-0.940195,1.09925
22,30,-0.567232,0.698132,-0.174533,0.174533,-0.578055,0.691896,-0.143193,0.137891,2.16462,0.349221,-0.940195,1.09925
22,30,-0.567232,0.698132,-0.174533,0.174533,-0.578055,0.691896,-0.143193,0.137891,2.16462,0.349221,-0.940195,1.09925
22,30,-0.567232,0.698132,-0.174533,0.174533,-0.578055,0.691896,-0.143193,0.137891,2.16462,0.349221,-0.940195,1.09925
22,30,-0.567232,0.698132,-0.174533,0.174533,-0.578055,0.691896,-0.143193,0.137891,2.16462,0.349221,-0.940195,1.09925
22,30,-0.567232,0.698132,-0.174533,0.174533,-0.578055,0.691896,-0.143193,0.137891,2.16462,0.349221,-0.940195,1.09925
22,30,-0.567232,0.698132,-0.174533,0.174533,-0.578055,0.691896,-0.143193,0.137891,2.16462,0.349221,-0.940195,1.09925
22,30,-0.567232,0.698132,-0.174533,0.174533,-0.578055,0.691896,-0.143193,0.137891,2.16462,0.349221,-0.940195,1.09925
22,30,-0.567232,0.698132,-0.174533,0.174533,-0.578055,0.691896,-0.143193,0.137891,2.16462,0.349221,-0.940195,1.09925
22,30,-0.567232,0.698132,-0.174533,0.174533,-0.578055,0.691896,-0.143193,0.137891,2.16462,0.349221,-0.940195,1.09925
22,30,-0.567232,0.698132,-0.174533,0.174533,-0.578055,0.691896,-0.143193,0.137891,2.16462,0.349221,-0.940195,1.09925
22,30,-0.567232,0.698132,-0.174533,0.174533,-0.578055,0.691896,-0.143193,0.137891,2.16462,0.349221,-0.940195,1.09925
22,30,-0.567232,0.698132,-0.174533,0.174533,-0.578055,0.691896,-0.143193,0.137891,2.16462,0.349221,-0.940195,1.09925
22,30,-0.567232,0.698132,-0.174533,0.174533,-0.578055,0.691896,-0.143193,0.137891,2.16462,0.349221,-0.940195,1.09925
22,30,-0.567232,0.698132,-0.174533,0.174533,-0.578055,0.691896,-0.143193,0.137891,2.16462,0.349221,-0.940195,1.09925
22,30,-0.567232,0.698132,-0.174533,0.174533,-0.578055,0.691896,-0.143193,0.137891,2.16462,0.349221,-0.940195,1.09925
22,30,-0.567232,0.698132,-0.174533,0.174533,-0.578055,0.691896,-0.143193,0.137891,2.16462,0.349221,-0.940195,1.09925
22,30,-0.567232,0.698132,-0.174533,0.174533,-0.578055,0.691896,-0.143193,0.137891,2.16462,0.349221,-0.940195,1.09925
22,30,-0.567232,0.698132,-0.174533,0.174533,-0.578055,0.691896,-0.143193,0.137891,2.16462,0.349221,-0.940195,1.09925
22,30,-0.567232,0.698132,-0.174533,0.174533,-0.578055,0.691896,-0.143193,0.137891,2.16462,0.349221,-0.940195,1.09925
22,30,-0.567232,0.698132,-0.174533,0.174533,-0.578055,0.691896,-0.143193,0.137891,2.16462,0.349221,-0.940195,1.09925
22,30,-0.567232,0.698132,-0.174533,0.174533,-0.578055,0.691896,-0.143193,0.137891,2.16462,0.349221,-0.940195,1.09925
22,30,-0.567232,0.698132,-0.174533,0.174533,-0.578055,0.691896,-0.143193,0.137891,2.16462,0.349221,-0.940195,1.09925
22,30,-0.567232,0.698132,-0.174533,0.174533,-0.578055,0.691896,-0.143193,0.137891,2.16462,0.349221,-0.940195,1.09925
22,30,-0.567232,0.698132,-0.174533,0.174533,-0.578055,0.691896,-0.143193,0.137891,2.16462,0.349221,-0.940195,1.09925
22,30,-0.567232,0.698132,-0.174533,0.174533,-0.578055,0.691896,-0.143193,0.137891,2.16462,0.349221,-0.940195,1.09925
22,30,-0.567232,0.698132,-0.174533,0.174533,-0.578055,0.691896,-0.143193,0.137891,2.16462,0.349221,-0.940195,1.09925
22,30,-0.567232,0.698132,-0.174533,0.174533,-0.578055,0.691896,-0.143193,0.137891,2.16462,0.349221,-0.940195,1.09925
22,30,-0.567232,0.698132,-0.174533,0.174533,-0.578055,0.691896,-0.143193,0.137891,2.16462,0.349221,-0.940195,1.09925
22,30,-0.567232,0.698132,-0.174533,0.174533,-0.578055,0.691896,-0.143193,0.137891,2.16462,0.349221,-0.940195,1.09925
22,30,-0.567232,0.698132,-0.174533,0.174533,-0.578055,0.691896,-0.143193,0.137891,2.16462,0.349221,-0.940195,1.09925
22,30,-0.567232,0.698132,-0.174533,0.174533,-0.578055,0.691896,-0.143193,0.137891,2.16462,0.349221,-0.940195,1.09925
22,30,-0.567232,0.698132,-0.174533,0.174533,-0.578055,0.691896,-0.143193,0.137891,2.16462,0.349221,-0.940195,1.09925
22,30,-0.567232,0.698132,-0.174533,0.174533,-0.578055,0.691896,-0.143193,0.137891,2.16462,0.349221,-0.940195,1.09925
22,30,-0.567232,0.698132,-0.174533,0.174533,-0.578055,0.691896,-0.143193,0.137891,2.16462,0.349221,-0.940195,1.09925
22,30,-0.567232,0.698132,-0.174533,0.174533,-0.578055,0.691896,-0.143193,0.137891,2.16462,0.349221,-0.940195,1.09925
22,30,-0.567232,0.698132,-0.174533,0.174533,-0.578055,0.691896,-0.143193,0.137891,2.16462,0.349221,-0.940195,1.09925
22,30,-0.567232,0.698132,-0.174533,0.174533,-0.578055,0.691896,-0.143193,0.137891,2.16462,0.349221,-0.940195,1.09925
22,30,-0.567232,0.698132,-0.174533,0.174533,-0.578055,0.691896,-0.143193,0.137891,2.16462,0.349221,-0.940195,1.09925
22,30,-0.567232,0.698132,-0.174533,0.174533,-0.578055,0.691896,-0.143193,0.137891,2.16462,0.349221,-0.940195,1.09925
22,30,-0.567232,0.698132,-0.174533,0.174533,-0.578055,0.691896,-0.143193,0.137891,2.16462,0.349221,-0.940195,1.09925
22,30,-0.567232,0.698132,-0.174533,0.174533,-0.578055,0.691896,-0.143193,0.137891,2.16462,0.349221,-0.940195,1.09925
22,30,-0.567232,0.698132,-0.174533,0.174533,-0.578055,0.691896,-0.143193,0.137891,2.16462,0.349221,-0.940195,1.09925
22,30,-0.567232,0.698132,-0.174533,0.174533,-0.578055,0.691896,-0.143193,0.137891,2.16462,0.349221,-0.940195,1.09925
22,30,-0.567232,0.698132,-0.174533,0.174533,-0.578055,0.691896,-0.143193,0.137891,2.16462,0.349221,-0.940195,1.09925
22,30,-0.567232,0.698132,-0.174533,0.174533,-0.578055,0.691896,-0.143193,0.137891,2.16462,0.349221,-0.940195,1.09925
22,30,-0.567232,0.698132,-0.174533,0.174533,-0.578055,0.691896,-0.143193,0.137891,2.16462,0.349221,-0.940195,1.09925
22,30,-0.567232,0.698132,-0.174533,0.174533,-0.578055,0.691896,-0.143193,0.137891,2.16462,0.349221,-0.940195,1.09925
22,30,-0.567232,0.698132,-0.174533,0.174533,-0.578055,0.691896,-0.143193,0.137891,2.16462,0.349221,-0.940195,1.09925
22,30,-0.567232,0.698132,-0.174533,0.174533,-0.578055,0.691896,-0.143193,0.137891,2.16462,0.349221,-0.940195,1.09925
22,30,-0.567232,0.698132,-0.174533,0.174533,-0.578055,0.691896,-0.143193,0.137891,2.16462,0.349221,-0.940195,1.09925
22,30,-0.567232,0.698132,-0.174533,0.174533,-0.578055,0.691896,-0.143193,0.137891,2.16462,0.349221,-0.940195,1.09925
22,30,-0.567232,0.698132,-0.174533,0.174533,-0.578055,0.691896,-0.143193,0.137891,2.16462,0.349221,-0.940195,1.09925
22,30,-0.567232,0.698132,-0.174533,0.174533,-0.578055,0.691896,-0.143193,0.137891,2.16462,0.349221,-0.940195,1.09925
22,30,-0.567232,0.698132,-0.174533,0.174533,-0.578055,0.691896,-0.143193,0.137891,2.16462,0.349221,-0.940195,1.09925
22,30,-0.567232,0.698132,-0.174533,0.174533,-0.578055,0.691896,-0.143193,0.137891,2.16462,0.349221,-0.940195,1.09925
22,30,-0.567232,0.698132,-0.174533,0.174533,-0.578055,0.691896,-0.143193,0.137891,2.16462,0.349221,-0.940195,1.09925
22,30,-0.567232,0.698132,-0.174533,0.174533,-0.578055,0.691896,-0.143193,0.137891,2.16462,0.349221,-0.940198,1.09926
22,30,-0.567232,0.698132,-0.174533,0.174533,-0.578055,0.691896,-0.143193,0.137891,2.16462,0.349221,-0.940198,1.09926
22,30,-0.567232,0.698132,-0.174533,0.174533,-0.578055,0.691896,-0.143193,0.137891,2.16462,0.349221,-0.940198,1.09926
22,30,-0.567232,0.698132,-0.174533,0.174533,-0.578055,0.691896,-0.143193,0.137891,2.16462,0.349221,-0.940198,1.09926
22,30,-0.567232,0.698132,-0.174533,0.174533,-0.578055,0.691896,-0.143193,0.137891,2.16462,0.349221,-0.940198,1.09926
22,30,-0.567232,0.698132,-0.174533,0.174533,-0.578055,0.691896,-0.143193,0.137891,2.16462,0.349221,-0.940198,1.09926
22,30,-0.567232,0.698132,-0.174533,0.174533,-0.578055,0.691896,-0.143193,0.137891,2.16462,0.349221,-0.940198,1.09926
22,30,-0.567232,0.698132,-0.174533,0.174533,-0.578055,0.691896,-0.143193,0.137891,2.16462,0.349221,-0.940198,1.09926
22,30,-0.567232,0.698132,-0.174533,0.174533,-0.578055,0.691896,-0.143193,0.137891,2.16462,0.349221,-0.940198,1.09926
22,30,-0.567232,0.698132,-0.174533,0.174533,-0.578055,0.691896,-0.143193,0.137891,2.16462,0.349221,-0.940198,1.09926
22,30,-0.567232,0.698132,-0.174533,0.174533,-0.578055,0.691896,-0.143193,0.137891,2.16462,0.349221,-0.940198,1.09926
22,30,-0.567232,0.698132,-0.174533,0.174533,-0.578055,0.691896,-0.143193,0.137891,2.16462,0.349221,-0.940198,1.09926
22,30,-0.567232,0.698132,-0.174533,0.174533,-0.578055,0.691896,-0.143193,0.137891,2.16462,0.349221,-0.940198,1.09926
22,30,-0.567232,0.698132,-0.174533,0.174533,-0.578055,0.691896,-0.143193,0.137891,2.16462,0.349221,-0.940198,1.09926
22,30,-0.567232,0.698132,-0.174533,0.174533,-0.578055,0.691896,-0.143193,0.137891,2.16462,0.349221,-0.940198,1.09926
22,30,-0.567232,0.698132,-0.174533,0.174533,-0.578055,0.691896,-0.143193,0.137891,2.16462,0.349221,-0.940198,1.09926
22,30,-0.567232,0.698132,-0.174533,0.174533,-0.578055,0.691896,-0.143193,0.137891,2.16462,0.349221,-0.940198,1.09926
22,30,-0.567232,0.698132,-0.174533,0.174533,-0.578055,0.691896,-0.143193,0.137891,2.16462,0.349221,-0.940198,1.09926
22,30,-0.567232,0.698132,-0.174533,0.174533,-0.578055,0.691896,-0.143193,0.137891,2.16462,0.349221,-0.940198,1.09926
22,30,-0.567232,0.698132,-0.174533,0.174533,-0.578055,0.691896,-0.143193,0.137891,2.16462,0.349221,-0.940198,1.09926
22,30,-0.567232,0.698132,-0.174533,0.174533,-0.578055,0.691896,-0.143193,0.137891,2.16462,0.349221,-0.940198,1.09926
22,30,-0.567232,0.698132,-0.174533,0.174533,-0.578055,0.691896,-0.143193,0.137891,2.16462,0.349221,-0.940198,1.09926
22,30,-0.567232,0.698132,-0.174533,0.174533,-0.578055,0.691896,-0.143193,0.137891,2.16462,0.349221,-0.940198,1.09926
22,30,-0.567232,0.698132,-0.174533,0.174533,-0.578055,0.691896,-0.143193,0.137891,2.16462,0.349221,-0.940198,1.09926
22,30,-0.567232,0.698132,-0.174533,0.174533,-0.578055,0.691896,-0.143193,0.137891,2.16462,0.349221,-0.940198,1.09926
22,30,-0.567232,0.698132,-0.174533,0.174533,-0.578055,0.691896,-0.143193,0.137891,2.16462,0.349221,-0.940198,1.09926
22,30,-0.567232,0.698132,-0.174533,0.174533,-0.578055,0.691896,-0.143193,0.137891,2.16462,0.349221,-0.940198,1.09926
22,30,-0.567232,0.698132,-0.174533,0.174533,-0.578055,0.691896,-0.143193,0.137891,2.16462,0.349221,-0.940198,1.09926
22,30,-0.567232,0.698132,-0.174533,0.174533,-0.578055,0.691896,-0.143193,0.137891,2.16462,0.349221,-0.940198,1.09926
22,30,-0.567232,0.698132,-0.174533,0.174533,-0.578055,0.691896,-0.143193,0.137891,2.16462,0.349221,-0.940198,1.09926
22,30,-0.567232,0.698132,-0.174533,0.174533,-0.578055,0.691896,-0.143193,0.137891,2.16462,0.349221,-0.940198,1.09926
22,30,-0.567232,0.698132,-0.174533,0.174533,-0.578055,0.691896,-0.143193,0.137891,2.16462,0.349221,-0.940198,1.09926
22,30,-0.567232,0.698132,-0.174533,0.174533,-0.578055,0.691896,-0.143193,0.137891,2.16462,0.349221,-0.940198,1.09926
22,30,-0.567232,0.698132,-0.174533,0.174533,-0.578055,0.691896,-0.143193,0.137891,2.16462,0.349221,-0.940198,1.09926
22,30,-0.567232,0.698132,-0.174533,0.174533,-0.578055,0.691896,-0.143193,0.137891,2.16462,0.349221,-0.940198,1.09926
22,30,-0.567232,0.698132,-0.174533,0.174533,-0.578055,0.691896,-0.143193,0.137891,2.16462,0.349221,-0.940198,1.09926
22,30,-0.567232,0.698132,-0.174533,0.174533,-0.578055,0.691896,-0.143193,0.137891,2.16462,0.349221,-0.940198,1.09926
22,30,-0.567232,0.698132,-0.174533,0.174533,-0.578055,0.691896,-0.143193,0.137891,2.16462,0.349221,-0.940198,1.09926
22,30,-0.567232,0.698132,-0.174533,0.174533,-0.578055,0.691896,-0.143193,0.137891,2.16462,0.349221,-0.940198,1.09926
22,30,-0.567232,0.698132,-0.174533,0.174533,-0.578055,0.691896,-0.143193,0.137891,2.16462,0.349221,-0.940198,1.09926
22,30,-0.567232,0.698132,-0.174533,0.174533,-0.578055,0.691896,-0.143193,0.137891,2.16462,0.349221,-0.940198,1.09926
22,30,-0.567232,0.698132,-0.174533,0.174533,-0.578055,0.691896,-0.143193,0.137891,2.16462,0.349221,-0.940198,1.09926
22,30,-0.567232,0.698132,-0.174533,0.174533,-0.578055,0.691896,-0.143193,0.137891,2.16462,0.349221,-0.940198,1.09926
22,30,-0.567232,0.698132,-0.174533,0.174533,-0.578055,0.691896,-0.143193,0.137891,2.16462,0.349221,-0.940198,1.09926
22,30,-0.567232,0.698132,-0.174533,0.174533,-0.578055,0.691896,-0.143193,0.137891,2.16462,0.349221,-0.940198,1.09926
22,30,-0.567232,0.698132,-0.174533,0.174533,-0.578055,0.691896,-0.143193,0.137891,2.16462,0.349221,-0.940198,1.09926
22,30,-0.567232,0.698132,-0.174533,0.174533,-0.578055,0.691896,-0.143193,0.137891,2.16462,0.349221,-0.940198,1.09926
22,30,-0.567232,0.698132,-0.174533,0.174533,-0.578055,0.691896,-0.143193,0.137891,2.16462,0.349221,-0.940198,1.09926
22,30,-0.567232,0.698132,-0.174533,0.174533,-0.578055,0.691896,-0.143193,0.137891,2.16462,0.349221,-0.940198,1.09926
22,30,-0.567232,0.698132,-0.174533,0.174533,-0.578055,0.691896,-0.143193,0.137891,2.16462,0.349221,-0.940198,1.09926
22,30,-0.567232,0.698132,-0.174533,0.174533,-0.578055,0.691896,-0.143193,0.137891,2.16462,0.349221,-0.940198,1.09926
22,30,-0.567232,0.698132,-0.174533,0.174533,-0.578055,0.691896,-0.143193,0.137891,2.16462,0.349221,-0.940198,1.09926
22,30,-0.567232,0.698132,-0.174533,0.174533,-0.578055,0.691896,-0.143193,0.137891,2.16462,0.349221,-0.940198,1.09926
22,30,-0.567232,0.698132,-0.174533,0.174533,-0.578055,0.691896,-0.143193,0.137891,2.16462,0.349221,-0.940198,1.09926
22,30,-0.567232,0.698132,-0.174533,0.174533,-0.578055,0.691896,-0.143193,0.137891,2.16462,0.349221,-0.940198,1.09926
22,30,-0.567232,0.698132,-0.174533,0.174533,-0.578055,0.691896,-0.143193,0.137891,2.16462,0.349221,-0.940198,1.09926
22,30,-0.567232,0.698132,-0.174533,0.174533,-0.578055,0.691896,-0.143193,0.137891,2.16462,0.349221,-0.940198,1.09926
22,30,-0.567232,0.698132,-0.174533,0.174533,-0.578055,0.691896,-0.143193,0.137891,2.16462,0.349221,-0.940198,1.09926
22,30,-0.567232,0.698132,-0.174533,0.174533,-0.578055,0.691896,-0.143193,0.137891,2.16462,0.349221,-0.940198,1.09926
22,30,-0.567232,0.698132,-0.174533,0.174533,-0.578055,0.691896,-0.143193,0.137891,2.16462,0.349221,-0.940198,1.09926
22,30,-0.567232,0.698132,-0.174533,0.174533,-0.578055,0.691896,-0.143193,0.137891,2.16462,0.349221,-0.940198,1.09926
22,30,-0.567232,0.698132,-0.174533,0.174533,-0.578055,0.691896,-0.143193,0.137891,2.16462,0.349221,-0.940198,1.09926
22,30,-0.567232,0.698132,-0.174533,0.174533,-0.578055,0.691896,-0.143193,0.137891,2.16462,0.349221,-0.940198,1.09926
22,30,-0.567232,0.698132,-0.174533,0.174533,-0.578055,0.691896,-0.143193,0.137891,2.16462,0.349221,-0.940198,1.09926
22,30,-0.567232,0.698132,-0.174533,0.174533,-0.578055,0.691896,-0.143193,0.137891,2.16462,0.349221,-0.940198,1.09926
22,30,-0.567232,0.698132,-0.174533,0.174533,-0.578055,0.691896,-0.143189,0.137821,2.16462,0.349221,-0.940307,1.10135
22,30,-0.567232,0.698132,-0.174533,0.174533,-0.578055,0.691896,-0.143189,0.137821,2.16462,0.349221,-0.940307,1.10135
22,30,-0.567232,0.698132,-0.174533,0.174533,-0.578055,0.691896,-0.143189,0.137821,2.16462,0.349221,-0.940307,1.10135
22,30,-0.567232,0.698132,-0.174533,0.174533,-0.578055,0.691896,-0.143189,0.137821,2.16462,0.349221,-0.940307,1.10135
22,30,-0.567232,0.698132,-0.174533,0.174533,-0.578055,0.691896,-0.143189,0.137821,2.16462,0.349221,-0.940307,1.10135
22,30,-0.567232,0.698132,-0.174533,0.174533,-0.578055,0.691896,-0.143189,0.137821,2.16462,0.349221,-0.940307,1.10135
22,30,-0.567232,0.698132,-0.174533,0.174533,-0.578055,0.691896,-0.143189,0.137821,2.16462,0.349221,-0.940307,1.10135
22,30,-0.567232,0.698132,-0.174533,0.174533,-0.578055,0.691896,-0.143189,0.137821,2.16462,0.349221,-0.940307,1.10135
22,30,-0.567232,0.698132,-0.174533,0.174533,-0.578055,0.691896,-0.143189,0.137821,2.16462,0.349221,-0.940307,1.10135
22,30,-0.567232,0.698132,-0.174533,0.174533,-0.578055,0.691896,-0.143189,0.137821,2.16462,0.349221,-0.940307,1.10135
22,30,-0.567232,0.698132,-0.174533,0.174533,-0.578055,0.691896,-0.143189,0.137821,2.16462,0.349221,-0.940307,1.10135
22,30,-0.567232,0.698132,-0.174533,0.174533,-0.578055,0.691896,-0.143189,0.137821,2.16462,0.349221,-0.940307,1.10135
22,30,-0.567232,0.698132,-0.174533,0.174533,-0.578055,0.691896,-0.143189,0.137821,2.16462,0.349221,-0.940307,1.10135
22,30,-0.567232,0.698132,-0.174533,0.174533,-0.578055,0.691896,-0.143189,0.137821,2.16462,0.349221,-0.940307,1.10135
22,30,-0.567232,0.698132,-0.174533,0.174533,-0.578055,0.691896,-0.143189,0.137821,2.16462,0.349221,-0.940307,1.10135
22,30,-0.567232,0.698132,-0.174533,0.174533,-0.578055,0.691896,-0.143189,0.137821,2.16462,0.349221,-0.940307,1.10135
22,30,-0.567232,0.698132,-0.174533,0.174533,-0.578055,0.691896,-0.143189,0.137821,2.16462,0.349221,-0.940307,1.10135
22,30,-0.567232,0.698132,-0.174533,0.174533,-0.578055,0.691896,-0.143189,0.137821,2.16462,0.349221,-0.940307,1.10135
22,30,-0.567232,0.698132,-0.174533,0.174533,-0.578055,0.691896,-0.143189,0.137821,2.16462,0.349221,-0.940307,1.10135
22,30,-0.567232,0.698132,-0.174533,0.174533,-0.578055,0.691896,-0.143189,0.137821,2.16462,0.349221,-0.940307,1.10135
22,30,-0.567232,0.698132,-0.174533,0.174533,-0.578055,0.691896,-0.143189,0.137821,2.16462,0.349221,-0.940307,1.10135
22,30,-0.567232,0.698132,-0.174533,0.174533,-0.578055,0.691896,-0.143189,0.137821,2.16462,0.349221,-0.940307,1.10135
22,30,-0.567232,0.698132,-0.174533,0.174533,-0.578055,0.691896,-0.143189,0.137821,2.16462,0.349221,-0.940307,1.10135
22,30,-0.567232,0.698132,-0.174533,0.174533,-0.578055,0.691896,-0.143189,0.137821,2.16462,0.349221,-0.940307,1.10135
22,30,-0.567232,0.698132,-0.174533,0.174533,-0.578055,0.691896,-0.143189,0.137821,2.16462,0.349221,-0.940307,1.10135
22,30,-0.567232,0.698132,-0.174533,0.174533,-0.578055,0.691896,-0.143189,0.137821,2.16462,0.349221,-0.940307,1.10135
22,30,-0.567232,0.698132,-0.174533,0.174533,-0.578055,0.691896,-0.143189,0.137821,2.16462,0.349221,-0.940307,1.10135
22,30,-0.567232,0.698132,-0.174533,0.174533,-0.578055,0.691896,-0.143189,0.137821,2.16462,0.349221,-0.940307,1.10135
