stim_pw [us],stim_amp [mA],com_elbow_fe [rad],com_forearm_ps [rad],com_wrist_fe [rad],com_wrist_ru [rad],act_elbow_fe [rad],act_forearm_ps [rad],act_wrist_fe [rad],act_wrist_ru [rad],elbow_fe_trq [Nm],forearm_ps_trq [Nm],wrist_fe_trq [Nm],wrist_ru_trq [Nm],passive_elbow_fe_trq [Nm],passive_forearm_ps_trq [Nm],passive_wrist_fe_trq [Nm],passive_wrist_ru_trq [Nm]
22,40,-0.567232,0.698132,0.174533,0.174533,-0.574261,0.691845,0.170961,0.137775,1.40581,0.352068,0.107271,1.10257,1.30559,0.524933,0.221005,1.0908
22,40,-0.567232,0.698132,0.174533,0.174533,-0.574261,0.691845,0.170961,0.137775,1.40581,0.352068,0.107271,1.10257,1.30559,0.524933,0.221005,1.0908
22,40,-0.567232,0.698132,0.174533,0.174533,-0.574261,0.691845,0.170961,0.137775,1.40581,0.352068,0.107271,1.10257,1.30559,0.524933,0.221005,1.0908
22,40,-0.567232,0.698132,0.174533,0.174533,-0.574261,0.691845,0.170961,0.137775,1.40581,0.352068,0.107271,1.10257,1.30559,0.524933,0.221005,1.0908
22,40,-0.567232,0.698132,0.174533,0.174533,-0.574261,0.691845,0.171009,0.137808,1.40581,0.352068,0.10584,1.10159,1.30559,0.524933,0.221005,1.0908
22,40,-0.567232,0.698132,0.174533,0.174533,-0.574261,0.691845,0.171009,0.137808,1.40581,0.352068,0.10584,1.10159,1.30559,0.524933,0.221005,1.0908
22,40,-0.567232,0.698132,0.174533,0.174533,-0.574261,0.691845,0.171009,0.137808,1.40581,0.352068,0.10584,1.10159,1.30559,0.524933,0.221005,1.0908
22,40,-0.567232,0.698132,0.174533,0.174533,-0.574261,0.691845,0.17095,0.137843,1.40581,0.352068,0.107606,1.10055,1.30559,0.524933,0.221005,1.0908
22,40,-0.567232,0.698132,0.174533,0.174533,-0.574261,0.691845,0.17095,0.137843,1.40581,0.352068,0.107606,1.10055,1.30559,0.524933,0.221005,1.0908
22,40,-0.567232,0.698132,0.174533,0.174533,-0.574261,0.691845,0.17095,0.137843,1.40581,0.352068,0.107606,1.10055,1.30559,0.524933,0.221005,1.0908
22,40,-0.567232,0.698132,0.174533,0.174533,-0.574261,0.691845,0.17095,0.137843,1.40581,0.352068,0.107606,1.10055,1.30559,0.524933,0.221005,1.0908
22,40,-0.567232,0.698132,0.174533,0.174533,-0.574261,0.691845,0.17095,0.137843,1.40581,0.352068,0.107606,1.10055,1.30559,0.524933,0.221005,1.0908
22,40,-0.567232,0.698132,0.174533,0.174533,-0.574261,0.691896,0.17095,0.137843,1.40581,0.349221,0.107606,1.10055,1.30559,0.524933,0.221005,1.0908
22,40,-0.567232,0.698132,0.174533,0.174533,-0.574261,0.691896,0.17095,0.137843,1.40581,0.349221,0.107606,1.10055,1.30559,0.524933,0.221005,1.0908
22,40,-0.567232,0.698132,0.174533,0.174533,-0.574261,0.691896,0.17095,0.137843,1.40581,0.349221,0.107606,1.10055,1.30559,0.524933,0.221005,1.0908
22,40,-0.567232,0.698132,0.174533,0.174533,-0.574261,0.691896,0.17095,0.137843,1.40581,0.349221,0.107606,1.10055,1.30559,0.524933,0.221005,1.0908
22,40,-0.567232,0.698132,0.174533,0.174533,-0.574261,0.691896,0.17095,0.137843,1.40581,0.349221,0.107606,1.10055,1.30559,0.524933,0.221005,1.0908
22,40,-0.567232,0.698132,0.174533,0.174533,-0.574261,0.691896,0.17095,0.137843,1.40581,0.349221,0.107606,1.10055,1.30559,0.524933,0.221005,1.0908
22,40,-0.567232,0.698132,0.174533,0.174533,-0.574261,0.691896,0.17089,0.137878,1.40581,0.349221,0.109361,1.09952,1.30559,0.524933,0.221005,1.0908
22,40,-0.567232,0.698132,0.174533,0.174533,-0.574261,0.691896,0.17089,0.137878,1.40581,0.349221,0.109361,1.09952,1.30559,0.524933,0.221005,1.0908
22,40,-0.567232,0.698132,0.174533,0.174533,-0.574261,0.691896,0.17089,0.137878,1.40581,0.349221,0.109361,1.09952,1.30559,0.524933,0.221005,1.0908
22,40,-0.567232,0.698132,0.174533,0.174533,-0.574261,0.691896,0.17089,0.137878,1.40581,0.349221,0.109361,1.09952,1.30559,0.524933,0.221005,1.0908
22,40,-0.567232,0.698132,0.174533,0.174533,-0.574261,0.691896,0.170938,0.137911,1.40581,0.349221,0.107931,1.09853,1.30559,0.524933,0.221005,1.0908
22,40,-0.567232,0.698132,0.174533,0.174533,-0.574261,0.691896,0.170938,0.137911,1.40581,0.349221,0.107931,1.09853,1.30559,0.524933,0.221005,1.0908
22,40,-0.567232,0.698132,0.174533,0.174533,-0.574261,0.691896,0.170879,0.137946,1.40581,0.349221,0.109725,1.09748,1.30559,0.524933,0.221005,1.0908
22,40,-0.567232,0.698132,0.174533,0.174533,-0.574261,0.691896,0.170879,0.137946,1.40581,0.349221,0.109725,1.09748,1.30559,0.524933,0.221005,1.0908
22,40,-0.567232,0.698132,0.174533,0.174533,-0.574261,0.691896,0.170879,0.137946,1.40581,0.349221,0.109725,1.09748,1.30559,0.524933,0.221005,1.0908
22,40,-0.567232,0.698132,0.174533,0.174533,-0.574261,0.691896,0.170879,0.137946,1.40581,0.349221,0.109725,1.09748,1.30559,0.524933,0.221005,1.0908
22,40,-0.567232,0.698132,0.174533,0.174533,-0.574261,0.691896,0.170819,0.137981,1.40581,0.349221,0.111522,1.09643,1.30559,0.524933,0.221005,1.0908
22,40,-0.567232,0.698132,0.174533,0.174533,-0.574261,0.691896,0.170819,0.137981,1.40581,0.349221,0.111522,1.09643,1.30559,0.524933,0.221005,1.0908
22,40,-0.567232,0.698132,0.174533,0.174533,-0.574261,0.691896,0.170819,0.137981,1.40581,0.349221,0.111522,1.09643,1.30559,0.524933,0.221005,1.0908
22,40,-0.567232,0.698132,0.174533,0.174533,-0.574261,0.691896,0.170819,0.137981,1.40581,0.349221,0.111522,1.09643,1.30559,0.524933,0.221005,1.0908
22,40,-0.567232,0.698132,0.174533,0.174533,-0.574261,0.691896,0.170867,0.138014,1.40581,0.349221,0.110079,1.09543,1.30559,0.524933,0.221005,1.0908
22,40,-0.567232,0.698132,0.174533,0.174533,-0.574261,0.691896,0.170808,0.138049,1.40581,0.349221,0.111879,1.09438,1.30559,0.524933,0.221005,1.0908
22,40,-0.567232,0.698132,0.174533,0.174533,-0.574261,0.691896,0.170797,0.138118,1.40581,0.349221,0.112195,1.09231,1.30559,0.524933,0.221005,1.0908
22,40,-0.567232,0.698132,0.174533,0.174533,-0.574261,0.691896,0.170797,0.138118,1.40581,0.349221,0.112195,1.09231,1.30559,0.524933,0.221005,1.0908
22,40,-0.567232,0.698132,0.174533,0.174533,-0.574261,0.691896,0.170797,0.138118,1.40581,0.349221,0.112195,1.09231,1.30559,0.524933,0.221005,1.0908
22,40,-0.567232,0.698132,0.174533,0.174533,-0.574261,0.691896,0.170797,0.138118,1.40581,0.349221,0.112195,1.09231,1.30559,0.524933,0.221005,1.0908
22,40,-0.567232,0.698132,0.174533,0.174533,-0.574261,0.691896,0.170738,0.138152,1.40581,0.349221,0.114035,1.09123,1.30559,0.524933,0.221005,1.0908
22,40,-0.567232,0.698132,0.174533,0.174533,-0.574261,0.691896,0.170738,0.138152,1.40581,0.349221,0.114035,1.09123,1.30559,0.524933,0.221005,1.0908
22,40,-0.567232,0.698132,0.174533,0.174533,-0.574261,0.691896,0.170786,0.138186,1.40581,0.349221,0.11258,1.09022,1.30559,0.524933,0.221005,1.0908
22,40,-0.567232,0.698132,0.174533,0.174533,-0.574261,0.691896,0.170726,0.13822,1.40581,0.349221,0.114401,1.08916,1.30559,0.524933,0.221005,1.0908
22,40,-0.567232,0.698132,0.174533,0.174533,-0.574261,0.691896,0.170774,0.138253,1.40581,0.349221,0.112942,1.08815,1.30559,0.524933,0.221005,1.0908
22,40,-0.567232,0.698132,0.174533,0.174533,-0.574261,0.691896,0.170774,0.138253,1.40581,0.349221,0.112942,1.08815,1.30559,0.524933,0.221005,1.0908
22,40,-0.567232,0.698132,0.174533,0.174533,-0.574261,0.691896,0.170774,0.138253,1.40581,0.349221,0.112942,1.08815,1.30559,0.524933,0.221005,1.0908
22,40,-0.567232,0.698132,0.174533,0.174533,-0.574261,0.691896,0.170774,0.138253,1.40581,0.349221,0.112942,1.08815,1.30559,0.524933,0.221005,1.0908
22,40,-0.567232,0.698132,0.174533,0.174533,-0.574261,0.691896,0.170715,0.138288,1.40581,0.349221,0.114706,1.08711,1.30559,0.524933,0.221005,1.0908
22,40,-0.567232,0.698132,0.174533,0.174533,-0.574261,0.691896,0.170715,0.138288,1.40581,0.349221,0.114706,1.08711,1.30559,0.524933,0.221005,1.0908
22,40,-0.567232,0.698132,0.174533,0.174533,-0.574261,0.691896,0.170715,0.138288,1.40581,0.349221,0.114706,1.08711,1.30559,0.524933,0.221005,1.0908
22,40,-0.567232,0.698132,0.174533,0.174533,-0.574261,0.691896,0.170703,0.138356,1.40581,0.349221,0.115027,1.08503,1.30559,0.524933,0.221005,1.0908
22,40,-0.567232,0.698132,0.174533,0.174533,-0.574261,0.691896,0.170703,0.138356,1.40581,0.349221,0.115027,1.08503,1.30559,0.524933,0.221005,1.0908
22,40,-0.567232,0.698132,0.174533,0.174533,-0.574261,0.691896,0.170703,0.138356,1.40581,0.349221,0.115027,1.08503,1.30559,0.524933,0.221005,1.0908
22,40,-0.567232,0.698132,0.174533,0.174533,-0.574261,0.691896,0.170751,0.138389,1.40581,0.349221,0.113549,1.08401,1.30559,0.524933,0.221005,1.0908
22,40,-0.567232,0.698132,0.174533,0.174533,-0.574261,0.691896,0.170692,0.138424,1.40581,0.349221,0.115365,1.08295,1.30559,0.524933,0.221005,1.0908
22,40,-0.567232,0.698132,0.174533,0.174533,-0.574261,0.691896,0.170692,0.138424,1.40581,0.349221,0.115365,1.08295,1.30559,0.524933,0.221005,1.0908
22,40,-0.567232,0.698132,0.174533,0.174533,-0.574261,0.691896,0.170729,0.138526,1.40581,0.349221,0.114191,1.07985,1.30559,0.524933,0.221005,1.0908
22,40,-0.567232,0.698132,0.174533,0.174533,-0.574261,0.691896,0.170729,0.138526,1.40581,0.349221,0.114191,1.07985,1.30559,0.524933,0.221005,1.0908
22,40,-0.567232,0.698132,0.174533,0.174533,-0.574261,0.691896,0.17067,0.138561,1.40581,0.349221,0.115957,1.07881,1.30559,0.524933,0.221005,1.0908
22,40,-0.567232,0.698132,0.174533,0.174533,-0.574261,0.691896,0.17061,0.138596,1.40581,0.349221,0.117809,1.07772,1.30559,0.524933,0.221005,1.0908
22,40,-0.567232,0.698132,0.174533,0.174533,-0.574261,0.691896,0.17061,0.138596,1.40581,0.349221,0.117809,1.07772,1.30559,0.524933,0.221005,1.0908
22,40,-0.567232,0.698132,0.174533,0.174533,-0.574261,0.691896,0.170599,0.138664,1.40581,0.349221,0.118243,1.07567,1.30559,0.524933,0.221005,1.0908
22,40,-0.567232,0.698132,0.174533,0.174533,-0.574261,0.691896,0.170599,0.138664,1.40581,0.349221,0.118243,1.07567,1.30559,0.524933,0.221005,1.0908
22,40,-0.567232,0.698132,0.174533,0.174533,-0.574261,0.691896,0.170647,0.138697,1.40581,0.349221,0.116732,1.07463,1.30559,0.524933,0.221005,1.0908
22,40,-0.567232,0.698132,0.174533,0.174533,-0.574261,0.691896,0.170587,0.138732,1.40581,0.349221,0.118542,1.07356,1.30559,0.524933,0.221005,1.0908
22,40,-0.567232,0.698132,0.174533,0.174533,-0.574261,0.691896,0.170635,0.138765,1.40581,0.349221,0.117077,1.07255,1.30559,0.524933,0.221005,1.0908
22,40,-0.567232,0.698132,0.174533,0.174533,-0.574261,0.691896,0.170576,0.1388,1.40581,0.349221,0.118947,1.07145,1.30559,0.524933,0.221005,1.0908
22,40,-0.567232,0.698132,0.174533,0.174533,-0.574261,0.691896,0.170576,0.1388,1.40581,0.349221,0.118947,1.07145,1.30559,0.524933,0.221005,1.0908
22,40,-0.567232,0.698132,0.174533,0.174533,-0.574261,0.691896,0.170576,0.1388,1.40581,0.349221,0.118947,1.07145,1.30559,0.524933,0.221005,1.0908
22,40,-0.567232,0.698132,0.174533,0.174533,-0.574261,0.691896,0.170516,0.138835,1.40581,0.349221,0.120678,1.07044,1.30559,0.524933,0.221005,1.0908
22,40,-0.567232,0.698132,0.174533,0.174533,-0.574261,0.691896,0.170564,0.138868,1.40581,0.349221,0.119279,1.06947,1.30559,0.524933,0.221005,1.0908
22,40,-0.567232,0.698132,0.174533,0.174533,-0.574261,0.691896,0.170564,0.138868,1.40581,0.349221,0.119279,1.06947,1.30559,0.524933,0.221005,1.0908
22,40,-0.567232,0.698132,0.174533,0.174533,-0.574261,0.691896,0.170505,0.138903,1.40581,0.349221,0.121022,1.06845,1.30559,0.524933,0.221005,1.0908
22,40,-0.567232,0.698132,0.174533,0.174533,-0.574261,0.691896,0.170553,0.138936,1.40581,0.349221,0.119555,1.06743,1.30559,0.524933,0.221005,1.0908
22,40,-0.567232,0.698132,0.174533,0.174533,-0.574261,0.691896,0.170553,0.138936,1.40581,0.349221,0.119555,1.06743,1.30559,0.524933,0.221005,1.0908
22,40,-0.567232,0.698132,0.174533,0.174533,-0.574261,0.691896,0.170493,0.138971,1.40581,0.349221,0.121308,1.0664,1.30559,0.524933,0.221005,1.0908
22,40,-0.567232,0.698132,0.174533,0.174533,-0.574261,0.691896,0.170482,0.139038,1.40581,0.349221,0.121705,1.06434,1.30559,0.524933,0.221005,1.0908
22,40,-0.567232,0.698132,0.174533,0.174533,-0.574261,0.691896,0.170482,0.139038,1.40581,0.349221,0.121705,1.06434,1.30559,0.524933,0.221005,1.0908
22,40,-0.567232,0.698132,0.174533,0.174533,-0.574261,0.691896,0.17046,0.139175,1.40581,0.349221,0.122389,1.06022,1.30559,0.524933,0.221005,1.0908
22,40,-0.567232,0.698132,0.174533,0.174533,-0.574261,0.691896,0.17046,0.139175,1.40581,0.349221,0.122389,1.06022,1.30559,0.524933,0.221005,1.0908
22,40,-0.567232,0.698132,0.174533,0.174533,-0.574261,0.691896,0.17046,0.139175,1.40581,0.349221,0.122389,1.06022,1.30559,0.524933,0.221005,1.0908
22,40,-0.567232,0.698132,0.174533,0.174533,-0.574261,0.691896,0.170448,0.139243,1.40581,0.349221,0.122714,1.05816,1.30559,0.524933,0.221005,1.0908
22,40,-0.567232,0.698132,0.174533,0.174533,-0.574261,0.691896,0.170389,0.139278,1.40581,0.349221,0.124676,1.057,1.30559,0.524933,0.221005,1.0908
22,40,-0.567232,0.698132,0.174533,0.174533,-0.574261,0.691896,0.170389,0.139278,1.40581,0.349221,0.124676,1.057,1.30559,0.524933,0.221005,1.0908
22,40,-0.567232,0.698132,0.174533,0.174533,-0.574261,0.691896,0.170389,0.139278,1.40581,0.349221,0.124676,1.057,1.30559,0.524933,0.221005,1.0908
22,40,-0.567232,0.698132,0.174533,0.174533,-0.574261,0.691896,0.170377,0.139346,1.40581,0.349221,0.124889,1.05504,1.30559,0.524933,0.221005,1.0908
22,40,-0.567232,0.698132,0.174533,0.174533,-0.574261,0.691896,0.170425,0.139379,1.40581,0.349221,0.123427,1.05403,1.30559,0.524933,0.221005,1.0908
22,40,-0.567232,0.698132,0.174533,0.174533,-0.574261,0.691896,0.170366,0.139414,1.40581,0.349221,0.125187,1.053,1.30559,0.524933,0.221005,1.0908
22,40,-0.567232,0.698132,0.174533,0.174533,-0.574261,0.691896,0.170354,0.139482,1.40581,0.349221,0.125665,1.05087,1.30559,0.524933,0.221005,1.0908
22,40,-0.567232,0.698132,0.174533,0.174533,-0.574261,0.691896,0.170354,0.139482,1.40581,0.349221,0.125665,1.05087,1.30559,0.524933,0.221005,1.0908
22,40,-0.567232,0.698132,0.174533,0.174533,-0.574261,0.691896,0.170354,0.139482,1.40581,0.349221,0.125665,1.05087,1.30559,0.524933,0.221005,1.0908
22,40,-0.567232,0.698132,0.174533,0.174533,-0.574261,0.691896,0.170295,0.139517,1.40581,0.349221,0.127291,1.04991,1.30559,0.524933,0.221005,1.0908
22,40,-0.567232,0.698132,0.174533,0.174533,-0.574261,0.691896,0.170295,0.139517,1.40581,0.349221,0.127291,1.04991,1.30559,0.524933,0.221005,1.0908
22,40,-0.567232,0.698132,0.174533,0.174533,-0.574261,0.691896,0.170295,0.139517,1.40581,0.349221,0.127291,1.04991,1.30559,0.524933,0.221005,1.0908
22,40,-0.567232,0.698132,0.174533,0.174533,-0.574261,0.691896,0.170236,0.139552,1.40581,0.349221,0.129055,1.04888,1.30559,0.524933,0.221005,1.0908
22,40,-0.567232,0.698132,0.174533,0.174533,-0.574261,0.691896,0.170236,0.139552,1.40581,0.349221,0.129055,1.04888,1.30559,0.524933,0.221005,1.0908
22,40,-0.567232,0.698132,0.174533,0.174533,-0.574261,0.691896,0.170283,0.139585,1.40581,0.349221,0.12773,1.04796,1.30559,0.524933,0.221005,1.0908
22,40,-0.567232,0.698132,0.174533,0.174533,-0.574261,0.691896,0.170283,0.139585,1.40581,0.349221,0.12773,1.04796,1.30559,0.524933,0.221005,1.0908
22,40,-0.567232,0.698132,0.174533,0.174533,-0.574261,0.691896,0.170272,0.139653,1.40581,0.349221,0.128006,1.04594,1.30559,0.524933,0.221005,1.0908
22,40,-0.567232,0.698132,0.174533,0.174533,-0.574261,0.691896,0.170272,0.139653,1.40581,0.349221,0.128006,1.04594,1.30559,0.524933,0.221005,1.0908
22,40,-0.567232,0.698132,0.174533,0.174533,-0.574261,0.691896,0.17032,0.139686,1.40581,0.349221,0.126571,1.04494,1.30559,0.524933,0.221005,1.0908
22,40,-0.567232,0.698132,0.174533,0.174533,-0.574261,0.691896,0.17026,0.139721,1.40581,0.349221,0.128249,1.04396,1.30559,0.524933,0.221005,1.0908
22,40,-0.567232,0.698132,0.174533,0.174533,-0.574261,0.691896,0.17026,0.139721,1.40581,0.349221,0.128249,1.04396,1.30559,0.524933,0.221005,1.0908
22,40,-0.567232,0.698132,0.174533,0.174533,-0.574261,0.691896,0.17026,0.139721,1.40581,0.349221,0.128249,1.04396,1.30559,0.524933,0.221005,1.0908
22,40,-0.567232,0.698132,0.174533,0.174533,-0.574261,0.691896,0.17026,0.139721,1.40581,0.349221,0.128249,1.04396,1.30559,0.524933,0.221005,1.0908
22,40,-0.567232,0.698132,0.174533,0.174533,-0.574261,0.691896,0.17026,0.139721,1.40581,0.349221,0.128249,1.04396,1.30559,0.524933,0.221005,1.0908
22,40,-0.567232,0.698132,0.174533,0.174533,-0.574261,0.691896,0.17026,0.139721,1.40581,0.349221,0.128249,1.04396,1.30559,0.524933,0.221005,1.0908
22,40,-0.567232,0.698132,0.174533,0.174533,-0.574261,0.691896,0.170249,0.139789,1.40581,0.349221,0.12862,1.04201,1.30559,0.524933,0.221005,1.0908
22,40,-0.567232,0.698132,0.174533,0.174533,-0.574261,0.691896,0.170249,0.139789,1.40581,0.349221,0.12862,1.04201,1.30559,0.524933,0.221005,1.0908
22,40,-0.567232,0.698132,0.174533,0.174533,-0.574261,0.691896,0.170249,0.139789,1.40581,0.349221,0.12862,1.04201,1.30559,0.524933,0.221005,1.0908
22,40,-0.567232,0.698132,0.174533,0.174533,-0.574261,0.691896,0.170297,0.139822,1.40581,0.349221,0.127109,1.04096,1.30559,0.524933,0.221005,1.0908
22,40,-0.567232,0.698132,0.174533,0.174533,-0.574261,0.691896,0.170286,0.139891,1.40581,0.349221,0.127424,1.03889,1.30559,0.524933,0.221005,1.0908
22,40,-0.567232,0.698132,0.174533,0.174533,-0.574261,0.691896,0.170275,0.139959,1.40581,0.349221,0.127732,1.03687,1.30559,0.524933,0.221005,1.0908
22,40,-0.567232,0.698132,0.174533,0.174533,-0.574261,0.691896,0.170275,0.139959,1.40581,0.349221,0.127732,1.03687,1.30559,0.524933,0.221005,1.0908
22,40,-0.567232,0.698132,0.174533,0.174533,-0.574261,0.691896,0.170275,0.139959,1.40581,0.349221,0.127732,1.03687,1.30559,0.524933,0.221005,1.0908
22,40,-0.567232,0.698132,0.174533,0.174533,-0.574261,0.691896,0.170275,0.139959,1.40581,0.349221,0.127732,1.03687,1.30559,0.524933,0.221005,1.0908
22,40,-0.567232,0.698132,0.174533,0.174533,-0.574261,0.691896,0.170215,0.139994,1.40581,0.349221,0.129503,1.03582,1.30559,0.524933,0.221005,1.0908
22,40,-0.567232,0.698132,0.174533,0.174533,-0.574261,0.691896,0.170215,0.139994,1.40581,0.349221,0.129503,1.03582,1.30559,0.524933,0.221005,1.0908
22,40,-0.567232,0.698132,0.174533,0.174533,-0.574261,0.691896,0.170215,0.139994,1.40581,0.349221,0.129503,1.03582,1.30559,0.524933,0.221005,1.0908
22,40,-0.567232,0.698132,0.174533,0.174533,-0.574261,0.691896,0.170215,0.139994,1.40581,0.349221,0.129503,1.03582,1.30559,0.524933,0.221005,1.0908
22,40,-0.567232,0.698132,0.174533,0.174533,-0.574261,0.691896,0.170215,0.139994,1.40581,0.349221,0.129503,1.03582,1.30559,0.524933,0.221005,1.0908
22,40,-0.567232,0.698132,0.174533,0.174533,-0.574261,0.691896,0.170215,0.139994,1.40581,0.349221,0.129503,1.03582,1.30559,0.524933,0.221005,1.0908
22,40,-0.567232,0.698132,0.174533,0.174533,-0.574261,0.691896,0.170204,0.140062,1.40581,0.349221,0.129928,1.03388,1.30559,0.524933,0.221005,1.0908
22,40,-0.567232,0.698132,0.174533,0.174533,-0.574261,0.691896,0.170204,0.140062,1.40581,0.349221,0.129928,1.03388,1.30559,0.524933,0.221005,1.0908
22,40,-0.567232,0.698132,0.174533,0.174533,-0.574261,0.691896,0.170204,0.140062,1.40581,0.349221,0.129928,1.03388,1.30559,0.524933,0.221005,1.0908
22,40,-0.567232,0.698132,0.174533,0.174533,-0.574261,0.691896,0.170204,0.140062,1.40581,0.349221,0.129928,1.03388,1.30559,0.524933,0.221005,1.0908
22,40,-0.567232,0.698132,0.174533,0.174533,-0.574261,0.691896,0.170204,0.140062,1.40581,0.349221,0.129928,1.03388,1.30559,0.524933,0.221005,1.0908
22,40,-0.567232,0.698132,0.174533,0.174533,-0.574261,0.691896,0.170204,0.140062,1.40581,0.349221,0.129928,1.03388,1.30559,0.524933,0.221005,1.0908
22,40,-0.567232,0.698132,0.174533,0.174533,-0.574261,0.691896,0.170204,0.140062,1.40581,0.349221,0.129928,1.03388,1.30559,0.524933,0.221005,1.0908
22,40,-0.567232,0.698132,0.174533,0.174533,-0.574261,0.691896,0.170204,0.140062,1.40581,0.349221,0.129928,1.03388,1.30559,0.524933,0.221005,1.0908
22,40,-0.567232,0.698132,0.174533,0.174533,-0.574261,0.691896,0.170204,0.140062,1.40581,0.349221,0.129928,1.03388,1.30559,0.524933,0.221005,1.0908
22,40,-0.567232,0.698132,0.174533,0.174533,-0.574261,0.691896,0.170204,0.140062,1.40581,0.349221,0.129928,1.03388,1.30559,0.524933,0.221005,1.0908
22,40,-0.567232,0.698132,0.174533,0.174533,-0.574261,0.691896,0.170204,0.140062,1.40581,0.349221,0.129928,1.03388,1.30559,0.524933,0.221005,1.0908
22,40,-0.567232,0.698132,0.174533,0.174533,-0.574261,0.691896,0.170204,0.140062,1.40581,0.349221,0.129928,1.03388,1.30559,0.524933,0.221005,1.0908
22,40,-0.567232,0.698132,0.174533,0.174533,-0.574261,0.691896,0.170252,0.140095,1.40581,0.349221,0.128519,1.0329,1.30559,0.524933,0.221005,1.0908
22,40,-0.567232,0.698132,0.174533,0.174533,-0.574261,0.691896,0.170252,0.140095,1.40581,0.349221,0.128519,1.0329,1.30559,0.524933,0.221005,1.0908
22,40,-0.567232,0.698132,0.174533,0.174533,-0.574261,0.691896,0.170252,0.140095,1.40581,0.349221,0.128519,1.0329,1.30559,0.524933,0.221005,1.0908
22,40,-0.567232,0.698132,0.174533,0.174533,-0.574261,0.691896,0.170252,0.140095,1.40581,0.349221,0.128519,1.0329,1.30559,0.524933,0.221005,1.0908
22,40,-0.567232,0.698132,0.174533,0.174533,-0.574261,0.691896,0.170192,0.14013,1.40581,0.349221,0.130223,1.0319,1.30559,0.524933,0.221005,1.0908
22,40,-0.567232,0.698132,0.174533,0.174533,-0.574261,0.691896,0.170192,0.14013,1.40581,0.349221,0.130223,1.0319,1.30559,0.524933,0.221005,1.0908
22,40,-0.567232,0.698132,0.174533,0.174533,-0.574261,0.691896,0.170192,0.14013,1.40581,0.349221,0.130223,1.0319,1.30559,0.524933,0.221005,1.0908
22,40,-0.567232,0.698132,0.174533,0.174533,-0.574261,0.691896,0.170192,0.14013,1.40581,0.349221,0.130223,1.0319,1.30559,0.524933,0.221005,1.0908
22,40,-0.567232,0.698132,0.174533,0.174533,-0.574261,0.691896,0.170192,0.14013,1.40581,0.349221,0.130223,1.0319,1.30559,0.524933,0.221005,1.0908
22,40,-0.567232,0.698132,0.174533,0.174533,-0.574261,0.691896,0.170192,0.14013,1.40581,0.349221,0.130223,1.0319,1.30559,0.524933,0.221005,1.0908
22,40,-0.567232,0.698132,0.174533,0.174533,-0.574261,0.691896,0.170192,0.14013,1.40581,0.349221,0.130223,1.0319,1.30559,0.524933,0.221005,1.0908
22,40,-0.567232,0.698132,0.174533,0.174533,-0.574261,0.691896,0.170192,0.14013,1.40581,0.349221,0.130223,1.0319,1.30559,0.524933,0.221005,1.0908
22,40,-0.567232,0.698132,0.174533,0.174533,-0.574261,0.691896,0.170192,0.14013,1.40581,0.349221,0.130223,1.0319,1.30559,0.524933,0.221005,1.0908
22,40,-0.567232,0.698132,0.174533,0.174533,-0.574261,0.691896,0.170133,0.140165,1.40581,0.349221,0.131985,1.03086,1.30559,0.524933,0.221005,1.0908
22,40,-0.567232,0.698132,0.174533,0.174533,-0.574261,0.691896,0.170133,0.140165,1.40581,0.349221,0.131985,1.03086,1.30559,0.524933,0.221005,1.0908
22,40,-0.567232,0.698132,0.174533,0.174533,-0.574261,0.691896,0.170133,0.140165,1.40581,0.349221,0.131985,1.03086,1.30559,0.524933,0.221005,1.0908
22,40,-0.567232,0.698132,0.174533,0.174533,-0.574261,0.691896,0.170133,0.140165,1.40581,0.349221,0.131985,1.03086,1.30559,0.524933,0.221005,1.0908
22,40,-0.567232,0.698132,0.174533,0.174533,-0.574261,0.691896,0.170133,0.140165,1.40581,0.349221,0.131985,1.03086,1.30559,0.524933,0.221005,1.0908
22,40,-0.567232,0.698132,0.174533,0.174533,-0.574261,0.691896,0.170133,0.140165,1.40581,0.349221,0.131985,1.03086,1.30559,0.524933,0.221005,1.0908
22,40,-0.567232,0.698132,0.174533,0.174533,-0.574261,0.691896,0.170133,0.140165,1.40581,0.349221,0.131985,1.03086,1.30559,0.524933,0.221005,1.0908
22,40,-0.567232,0.698132,0.174533,0.174533,-0.574261,0.691896,0.170133,0.140165,1.40581,0.349221,0.131985,1.03086,1.30559,0.524933,0.221005,1.0908
22,40,-0.567232,0.698132,0.174533,0.174533,-0.574261,0.691896,0.170133,0.140165,1.40581,0.349221,0.131985,1.03086,1.30559,0.524933,0.221005,1.0908
22,40,-0.567232,0.698132,0.174533,0.174533,-0.574261,0.691896,0.170074,0.1402,1.40581,0.349221,0.133748,1.02983,1.30559,0.524933,0.221005,1.0908
22,40,-0.567232,0.698132,0.174533,0.174533,-0.574261,0.691896,0.170074,0.1402,1.40581,0.349221,0.133748,1.02983,1.30559,0.524933,0.221005,1.0908
22,40,-0.567232,0.698132,0.174533,0.174533,-0.574261,0.691896,0.170074,0.1402,1.40581,0.349221,0.133748,1.02983,1.30559,0.524933,0.221005,1.0908
22,40,-0.567232,0.698132,0.174533,0.174533,-0.574261,0.691896,0.170074,0.1402,1.40581,0.349221,0.133748,1.02983,1.30559,0.524933,0.221005,1.0908
22,40,-0.567232,0.698132,0.174533,0.174533,-0.574261,0.691896,0.170074,0.1402,1.40581,0.349221,0.133752,1.02983,1.30559,0.524933,0.221005,1.0908
22,40,-0.567232,0.698132,0.174533,0.174533,-0.574261,0.691896,0.170074,0.1402,1.40581,0.349221,0.133757,1.02983,1.30559,0.524933,0.221005,1.0908
22,40,-0.567232,0.698132,0.174533,0.174533,-0.574261,0.691896,0.170074,0.1402,1.40581,0.349221,0.133761,1.02984,1.30559,0.524933,0.221005,1.0908
22,40,-0.567232,0.698132,0.174533,0.174533,-0.574261,0.691896,0.170014,0.140235,1.40581,0.349221,0.135543,1.0288,1.30559,0.524933,0.221005,1.0908
22,40,-0.567232,0.698132,0.174533,0.174533,-0.574261,0.691896,0.170062,0.140268,1.40581,0.349221,0.134167,1.02784,1.30559,0.524933,0.221005,1.0908
22,40,-0.567232,0.698132,0.174533,0.174533,-0.574261,0.691896,0.170062,0.140268,1.40581,0.349221,0.134167,1.02784,1.30559,0.524933,0.221005,1.0908
22,40,-0.567232,0.698132,0.174533,0.174533,-0.574261,0.691896,0.170062,0.140268,1.40581,0.349221,0.134167,1.02784,1.30559,0.524933,0.221005,1.0908
22,40,-0.567232,0.698132,0.174533,0.174533,-0.574261,0.691896,0.170062,0.140268,1.40581,0.349221,0.134167,1.02784,1.30559,0.524933,0.221005,1.0908
22,40,-0.567232,0.698132,0.174533,0.174533,-0.574261,0.691896,0.170062,0.140268,1.40581,0.349221,0.134167,1.02784,1.30559,0.524933,0.221005,1.0908
22,40,-0.567232,0.698132,0.174533,0.174533,-0.574261,0.691896,0.170003,0.140303,1.40581,0.349221,0.135982,1.02677,1.30559,0.524933,0.221005,1.0908
22,40,-0.567232,0.698132,0.174533,0.174533,-0.574261,0.691896,0.170003,0.140303,1.40581,0.349221,0.135982,1.02677,1.30559,0.524933,0.221005,1.0908
22,40,-0.567232,0.698132,0.174533,0.174533,-0.574261,0.691896,0.170003,0.140303,1.40581,0.349221,0.135982,1.02677,1.30559,0.524933,0.221005,1.0908
22,40,-0.567232,0.698132,0.174533,0.174533,-0.574261,0.691896,0.170003,0.140303,1.40581,0.349221,0.135982,1.02677,1.30559,0.524933,0.221005,1.0908
22,40,-0.567232,0.698132,0.174533,0.174533,-0.574261,0.691896,0.170003,0.140303,1.40581,0.349221,0.135982,1.02677,1.30559,0.524933,0.221005,1.0908
22,40,-0.567232,0.698132,0.174533,0.174533,-0.574261,0.691896,0.169992,0.140372,1.40581,0.349221,0.136297,1.0247,1.30559,0.524933,0.221005,1.0908
22,40,-0.567232,0.698132,0.174533,0.174533,-0.574261,0.691896,0.169933,0.140406,1.40581,0.349221,0.138093,1.02365,1.30559,0.524933,0.221005,1.0908
22,40,-0.567232,0.698132,0.174533,0.174533,-0.574261,0.691896,0.169933,0.140406,1.40581,0.349221,0.138093,1.02365,1.30559,0.524933,0.221005,1.0908
22,40,-0.567232,0.698132,0.174533,0.174533,-0.574261,0.691896,0.169933,0.140406,1.40581,0.349221,0.138093,1.02365,1.30559,0.524933,0.221005,1.0908
22,40,-0.567232,0.698132,0.174533,0.174533,-0.574261,0.691896,0.169933,0.140406,1.40581,0.349221,0.138093,1.02365,1.30559,0.524933,0.221005,1.0908
22,40,-0.567232,0.698132,0.174533,0.174533,-0.574261,0.691896,0.169933,0.140406,1.40581,0.349221,0.138093,1.02365,1.30559,0.524933,0.221005,1.0908
22,40,-0.567232,0.698132,0.174533,0.174533,-0.574261,0.691896,0.169933,0.140406,1.40581,0.349221,0.138093,1.02365,1.30559,0.524933,0.221005,1.0908
22,40,-0.567232,0.698132,0.174533,0.174533,-0.574261,0.691896,0.169933,0.140406,1.40581,0.349221,0.138093,1.02365,1.30559,0.524933,0.221005,1.0908
22,40,-0.567232,0.698132,0.174533,0.174533,-0.574261,0.691896,0.169874,0.140441,1.40581,0.349221,0.139889,1.02259,1.30559,0.524933,0.221005,1.0908
22,40,-0.567232,0.698132,0.174533,0.174533,-0.574261,0.691896,0.169874,0.140441,1.40581,0.349221,0.139889,1.02259,1.30559,0.524933,0.221005,1.0908
22,40,-0.567232,0.698132,0.174533,0.174533,-0.574261,0.691896,0.169874,0.140441,1.40581,0.349221,0.139889,1.02259,1.30559,0.524933,0.221005,1.0908
22,40,-0.567232,0.698132,0.174533,0.174533,-0.574261,0.691896,0.169874,0.140441,1.40581,0.349221,0.139889,1.02259,1.30559,0.524933,0.221005,1.0908
22,40,-0.567232,0.698132,0.174533,0.174533,-0.574261,0.691896,0.169922,0.140474,1.40581,0.349221,0.138473,1.02161,1.30559,0.524933,0.221005,1.0908
22,40,-0.567232,0.698132,0.174533,0.174533,-0.574261,0.691896,0.169922,0.140474,1.40581,0.349221,0.138473,1.02161,1.30559,0.524933,0.221005,1.0908
22,40,-0.567232,0.698132,0.174533,0.174533,-0.574261,0.691896,0.169922,0.140474,1.40581,0.349221,0.138473,1.02161,1.30559,0.524933,0.221005,1.0908
22,40,-0.567232,0.698132,0.174533,0.174533,-0.574261,0.691896,0.169922,0.140474,1.40581,0.349221,0.138473,1.02161,1.30559,0.524933,0.221005,1.0908
22,40,-0.567232,0.698132,0.174533,0.174533,-0.574261,0.691896,0.169922,0.140474,1.40581,0.349221,0.138473,1.02161,1.30559,0.524933,0.221005,1.0908
22,40,-0.567232,0.698132,0.174533,0.174533,-0.574261,0.691896,0.169922,0.140474,1.40581,0.349221,0.138473,1.02161,1.30559,0.524933,0.221005,1.0908
22,40,-0.567232,0.698132,0.174533,0.174533,-0.574261,0.691896,0.169922,0.140474,1.40581,0.349221,0.138473,1.02161,1.30559,0.524933,0.221005,1.0908
22,40,-0.567232,0.698132,0.174533,0.174533,-0.574261,0.691896,0.169922,0.140474,1.40581,0.349221,0.138473,1.02161,1.30559,0.524933,0.221005,1.0908
22,40,-0.567232,0.698132,0.174533,0.174533,-0.574261,0.691896,0.169862,0.140509,1.40581,0.349221,0.14022,1.02058,1.30559,0.524933,0.221005,1.0908
22,40,-0.567232,0.698132,0.174533,0.174533,-0.574261,0.691896,0.169862,0.140509,1.40581,0.349221,0.14022,1.02058,1.30559,0.524933,0.221005,1.0908
22,40,-0.567232,0.698132,0.174533,0.174533,-0.574261,0.691896,0.169862,0.140509,1.40581,0.349221,0.14022,1.02058,1.30559,0.524933,0.221005,1.0908
22,40,-0.567232,0.698132,0.174533,0.174533,-0.574261,0.691896,0.169862,0.140509,1.40581,0.349221,0.14022,1.02058,1.30559,0.524933,0.221005,1.0908
22,40,-0.567232,0.698132,0.174533,0.174533,-0.574261,0.691896,0.169862,0.140509,1.40581,0.349221,0.14022,1.02058,1.30559,0.524933,0.221005,1.0908
22,40,-0.567232,0.698132,0.174533,0.174533,-0.574261,0.691896,0.169862,0.140509,1.40581,0.349221,0.14022,1.02058,1.30559,0.524933,0.221005,1.0908
22,40,-0.567232,0.698132,0.174533,0.174533,-0.574261,0.691896,0.16991,0.140542,1.40581,0.349221,0.138787,1.01959,1.30559,0.524933,0.221005,1.0908
22,40,-0.567232,0.698132,0.174533,0.174533,-0.574261,0.691896,0.16991,0.140542,1.40581,0.349221,0.138787,1.01959,1.30559,0.524933,0.221005,1.0908
22,40,-0.567232,0.698132,0.174533,0.174533,-0.574261,0.691946,0.16991,0.140542,1.40581,0.346374,0.138787,1.01959,1.30559,0.524933,0.221005,1.0908
22,40,-0.567232,0.698132,0.174533,0.174533,-0.574261,0.691946,0.169851,0.140577,1.40581,0.346374,0.140555,1.01855,1.30559,0.524933,0.221005,1.0908
22,40,-0.567232,0.698132,0.174533,0.174533,-0.574261,0.691946,0.169851,0.140577,1.40581,0.346374,0.140555,1.01855,1.30559,0.524933,0.221005,1.0908
22,40,-0.567232,0.698132,0.174533,0.174533,-0.574261,0.691946,0.169851,0.140577,1.40581,0.346374,0.140555,1.01855,1.30559,0.524933,0.221005,1.0908
22,40,-0.567232,0.698132,0.174533,0.174533,-0.574261,0.691946,0.169851,0.140577,1.40581,0.346374,0.140555,1.01855,1.30559,0.524933,0.221005,1.0908
22,40,-0.567232,0.698132,0.174533,0.174533,-0.574261,0.691946,0.169851,0.140577,1.40581,0.346374,0.140555,1.01855,1.30559,0.524933,0.221005,1.0908
22,40,-0.567232,0.698132,0.174533,0.174533,-0.574261,0.691946,0.169851,0.140577,1.40581,0.346374,0.140555,1.01855,1.30559,0.524933,0.221005,1.0908
22,40,-0.567232,0.698132,0.174533,0.174533,-0.574261,0.691946,0.169839,0.140645,1.40581,0.346374,0.140897,1.01651,1.30559,0.524933,0.221005,1.0908
22,40,-0.567232,0.698132,0.174533,0.174533,-0.574261,0.691946,0.169839,0.140645,1.40581,0.346374,0.140897,1.01651,1.30559,0.524933,0.221005,1.0908
22,40,-0.567232,0.698132,0.174533,0.174533,-0.574261,0.691946,0.169839,0.140645,1.40581,0.346374,0.140897,1.01651,1.30559,0.524933,0.221005,1.0908
22,40,-0.567232,0.698132,0.174533,0.174533,-0.574261,0.691946,0.169839,0.140645,1.40581,0.346374,0.140897,1.01651,1.30559,0.524933,0.221005,1.0908
22,40,-0.567232,0.698132,0.174533,0.174533,-0.574261,0.691946,0.169887,0.140679,1.40581,0.346374,0.139435,1.01549,1.30559,0.524933,0.221005,1.0908
22,40,-0.567232,0.698132,0.174533,0.174533,-0.574261,0.691946,0.169887,0.140679,1.40581,0.346374,0.139435,1.01549,1.30559,0.524933,0.221005,1.0908
22,40,-0.567232,0.698132,0.174533,0.174533,-0.574261,0.691946,0.169828,0.140713,1.40581,0.346374,0.141214,1.01445,1.30559,0.524933,0.221005,1.0908
22,40,-0.567232,0.698132,0.174533,0.174533,-0.574261,0.691946,0.169828,0.140713,1.40581,0.346374,0.141214,1.01445,1.30559,0.524933,0.221005,1.0908
22,40,-0.567232,0.698132,0.174533,0.174533,-0.574261,0.691946,0.169828,0.140713,1.40581,0.346374,0.141214,1.01445,1.30559,0.524933,0.221005,1.0908
22,40,-0.567232,0.698132,0.174533,0.174533,-0.574261,0.691946,0.169828,0.140713,1.40581,0.346374,0.141214,1.01445,1.30559,0.524933,0.221005,1.0908
22,40,-0.567232,0.698132,0.174533,0.174533,-0.574261,0.691946,0.169828,0.140713,1.40581,0.346374,0.141214,1.01445,1.30559,0.524933,0.221005,1.0908
22,40,-0.567232,0.698132,0.174533,0.174533,-0.574261,0.691946,0.169828,0.140713,1.40581,0.346374,0.141214,1.01445,1.30559,0.524933,0.221005,1.0908
22,40,-0.567232,0.698132,0.174533,0.174533,-0.574261,0.691946,0.169828,0.140713,1.40581,0.346374,0.141214,1.01445,1.30559,0.524933,0.221005,1.0908
22,40,-0.567232,0.698132,0.174533,0.174533,-0.574261,0.691946,0.169828,0.140713,1.40581,0.346374,0.141214,1.01445,1.30559,0.524933,0.221005,1.0908
22,40,-0.567232,0.698132,0.174533,0.174533,-0.574261,0.691946,0.169828,0.140713,1.40581,0.346374,0.141214,1.01445,1.30559,0.524933,0.221005,1.0908
22,40,-0.567232,0.698132,0.174533,0.174533,-0.574261,0.691946,0.169828,0.140713,1.40581,0.346374,0.141214,1.01445,1.30559,0.524933,0.221005,1.0908
22,40,-0.567232,0.698132,0.174533,0.174533,-0.574261,0.691946,0.169828,0.140713,1.40581,0.346374,0.141214,1.01445,1.30559,0.524933,0.221005,1.0908
22,40,-0.567232,0.698132,0.174533,0.174533,-0.574261,0.691946,0.169828,0.140713,1.40581,0.346374,0.141214,1.01445,1.30559,0.524933,0.221005,1.0908
22,40,-0.567232,0.698132,0.174533,0.174533,-0.574261,0.691946,0.169828,0.140713,1.40581,0.346374,0.141214,1.01445,1.30559,0.524933,0.221005,1.0908
22,40,-0.567232,0.698132,0.174533,0.174533,-0.574261,0.691946,0.169769,0.140748,1.40581,0.346374,0.142989,1.01341,1.30559,0.524933,0.221005,1.0908
22,40,-0.567232,0.698132,0.174533,0.174533,-0.574261,0.691946,0.169816,0.140781,1.40581,0.346374,0.141544,1.0124,1.30559,0.524933,0.221005,1.0908
22,40,-0.567232,0.698132,0.174533,0.174533,-0.574261,0.691946,0.169816,0.140781,1.40581,0.346374,0.141544,1.0124,1.30559,0.524933,0.221005,1.0908
22,40,-0.567232,0.698132,0.174533,0.174533,-0.574261,0.691946,0.169816,0.140781,1.40581,0.346374,0.141544,1.0124,1.30559,0.524933,0.221005,1.0908
22,40,-0.567232,0.698132,0.174533,0.174533,-0.574261,0.691946,0.169816,0.140781,1.40581,0.346374,0.141544,1.0124,1.30559,0.524933,0.221005,1.0908
22,40,-0.567232,0.698132,0.174533,0.174533,-0.574261,0.691946,0.169816,0.140781,1.40581,0.346374,0.141544,1.0124,1.30559,0.524933,0.221005,1.0908
22,40,-0.567232,0.698132,0.174533,0.174533,-0.574261,0.691946,0.169816,0.140781,1.40581,0.346374,0.141544,1.0124,1.30559,0.524933,0.221005,1.0908
22,40,-0.567232,0.698132,0.174533,0.174533,-0.574261,0.691946,0.169816,0.140781,1.40581,0.346374,0.141544,1.0124,1.30559,0.524933,0.221005,1.0908
22,40,-0.567232,0.698132,0.174533,0.174533,-0.574261,0.691946,0.169816,0.140781,1.40581,0.346374,0.141544,1.0124,1.30559,0.524933,0.221005,1.0908
22,40,-0.567232,0.698132,0.174533,0.174533,-0.574261,0.691946,0.169816,0.140781,1.40581,0.346374,0.141544,1.0124,1.30559,0.524933,0.221005,1.0908
22,40,-0.567232,0.698132,0.174533,0.174533,-0.574261,0.691946,0.169864,0.140815,1.40581,0.346374,0.140099,1.0114,1.30559,0.524933,0.221005,1.0908
22,40,-0.567232,0.698132,0.174533,0.174533,-0.574261,0.691946,0.169864,0.140815,1.40581,0.346374,0.140099,1.0114,1.30559,0.524933,0.221005,1.0908
22,40,-0.567232,0.698132,0.174533,0.174533,-0.574261,0.691946,0.169864,0.140815,1.40581,0.346374,0.140099,1.0114,1.30559,0.524933,0.221005,1.0908
22,40,-0.567232,0.698132,0.174533,0.174533,-0.574261,0.691946,0.169864,0.140815,1.40581,0.346374,0.140099,1.0114,1.30559,0.524933,0.221005,1.0908
22,40,-0.567232,0.698132,0.174533,0.174533,-0.574261,0.691946,0.169864,0.140815,1.40581,0.346374,0.140099,1.0114,1.30559,0.524933,0.221005,1.0908
22,40,-0.567232,0.698132,0.174533,0.174533,-0.574261,0.691946,0.169864,0.140815,1.40581,0.346374,0.140099,1.0114,1.30559,0.524933,0.221005,1.0908
22,40,-0.567232,0.698132,0.174533,0.174533,-0.574261,0.691946,0.169864,0.140815,1.40581,0.346374,0.140099,1.0114,1.30559,0.524933,0.221005,1.0908
22,40,-0.567232,0.698132,0.174533,0.174533,-0.574261,0.691946,0.169864,0.140815,1.40581,0.346374,0.140099,1.0114,1.30559,0.524933,0.221005,1.0908
22,40,-0.567232,0.698132,0.174533,0.174533,-0.574261,0.691946,0.169864,0.140815,1.40581,0.346374,0.140099,1.0114,1.30559,0.524933,0.221005,1.0908
22,40,-0.567232,0.698132,0.174533,0.174533,-0.574261,0.691946,0.169805,0.140849,1.40581,0.346374,0.141846,1.01037,1.30559,0.524933,0.221005,1.0908
22,40,-0.567232,0.698132,0.174533,0.174533,-0.574261,0.691946,0.169805,0.140849,1.40581,0.346374,0.141846,1.01037,1.30559,0.524933,0.221005,1.0908
22,40,-0.567232,0.698132,0.174533,0.174533,-0.574261,0.691946,0.169853,0.140883,1.40581,0.346374,0.140416,1.00938,1.30559,0.524933,0.221005,1.0908
22,40,-0.567232,0.698132,0.174533,0.174533,-0.574261,0.691946,0.169853,0.140883,1.40581,0.346374,0.140416,1.00938,1.30559,0.524933,0.221005,1.0908
22,40,-0.567232,0.698132,0.174533,0.174533,-0.574261,0.691946,0.169853,0.140883,1.40581,0.346374,0.140416,1.00938,1.30559,0.524933,0.221005,1.0908
22,40,-0.567232,0.698132,0.174533,0.174533,-0.574261,0.691946,0.169853,0.140883,1.40581,0.346374,0.140416,1.00938,1.30559,0.524933,0.221005,1.0908
22,40,-0.567232,0.698132,0.174533,0.174533,-0.574261,0.691946,0.169853,0.140883,1.40581,0.346374,0.140416,1.00938,1.30559,0.524933,0.221005,1.0908
22,40,-0.567232,0.698132,0.174533,0.174533,-0.574261,0.691946,0.169853,0.140883,1.40581,0.346374,0.140416,1.00938,1.30559,0.524933,0.221005,1.0908
22,40,-0.567232,0.698132,0.174533,0.174533,-0.574261,0.691946,0.169853,0.140883,1.40581,0.346374,0.140416,1.00938,1.30559,0.524933,0.221005,1.0908
22,40,-0.567232,0.698132,0.174533,0.174533,-0.574261,0.691946,0.169853,0.140883,1.40581,0.346374,0.140416,1.00938,1.30559,0.524933,0.221005,1.0908
22,40,-0.567232,0.698132,0.174533,0.174533,-0.574261,0.691946,0.169853,0.140883,1.40581,0.346374,0.140416,1.00938,1.30559,0.524933,0.221005,1.0908
22,40,-0.567232,0.698132,0.174533,0.174533,-0.574261,0.691946,0.169853,0.140883,1.40581,0.346374,0.140416,1.00938,1.30559,0.524933,0.221005,1.0908
22,40,-0.567232,0.698132,0.174533,0.174533,-0.574261,0.691946,0.169853,0.140883,1.40581,0.346374,0.140416,1.00938,1.30559,0.524933,0.221005,1.0908
22,40,-0.567232,0.698132,0.174533,0.174533,-0.574261,0.691946,0.169853,0.140883,1.40581,0.346374,0.140416,1.00938,1.30559,0.524933,0.221005,1.0908
22,40,-0.567232,0.698132,0.174533,0.174533,-0.574261,0.691946,0.169901,0.140916,1.40581,0.346374,0.138997,1.0084,1.30559,0.524933,0.221005,1.0908
22,40,-0.567232,0.698132,0.174533,0.174533,-0.574261,0.691946,0.169901,0.140916,1.40581,0.346374,0.138997,1.0084,1.30559,0.524933,0.221005,1.0908
22,40,-0.567232,0.698132,0.174533,0.174533,-0.574261,0.691946,0.16989,0.140985,1.40581,0.346374,0.139312,1.00632,1.30559,0.524933,0.221005,1.0908
22,40,-0.567232,0.698132,0.174533,0.174533,-0.574261,0.691946,0.16989,0.140985,1.40581,0.346374,0.139312,1.00632,1.30559,0.524933,0.221005,1.0908
22,40,-0.567232,0.698132,0.174533,0.174533,-0.574261,0.691946,0.16989,0.140985,1.40581,0.346374,0.139312,1.00632,1.30559,0.524933,0.221005,1.0908
22,40,-0.567232,0.698132,0.174533,0.174533,-0.574261,0.691946,0.16989,0.140985,1.40581,0.346374,0.139312,1.00632,1.30559,0.524933,0.221005,1.0908
22,40,-0.567232,0.698132,0.174533,0.174533,-0.574261,0.691946,0.16989,0.140985,1.40581,0.346374,0.139312,1.00632,1.30559,0.524933,0.221005,1.0908
22,40,-0.567232,0.698132,0.174533,0.174533,-0.574261,0.691946,0.16989,0.140985,1.40581,0.346374,0.139312,1.00632,1.30559,0.524933,0.221005,1.0908
22,40,-0.567232,0.698132,0.174533,0.174533,-0.574261,0.691946,0.16989,0.140985,1.40581,0.346374,0.139312,1.00632,1.30559,0.524933,0.221005,1.0908
22,40,-0.567232,0.698132,0.174533,0.174533,-0.574261,0.691946,0.16989,0.140985,1.40581,0.346374,0.139312,1.00632,1.30559,0.524933,0.221005,1.0908
22,40,-0.567232,0.698132,0.174533,0.174533,-0.574261,0.691946,0.16989,0.140985,1.40581,0.346374,0.139312,1.00632,1.30559,0.524933,0.221005,1.0908
22,40,-0.567232,0.698132,0.174533,0.174533,-0.574261,0.691946,0.169831,0.14102,1.40581,0.346374,0.141059,1.0053,1.30559,0.524933,0.221005,1.0908
22,40,-0.567232,0.698132,0.174533,0.174533,-0.574261,0.691946,0.169831,0.14102,1.40581,0.346374,0.141059,1.0053,1.30559,0.524933,0.221005,1.0908
22,40,-0.567232,0.698132,0.174533,0.174533,-0.574261,0.691946,0.169879,0.141053,1.40581,0.346374,0.139621,1.0043,1.30559,0.524933,0.221005,1.0908
22,40,-0.567232,0.698132,0.174533,0.174533,-0.574261,0.691946,0.169879,0.141053,1.40581,0.346374,0.139621,1.0043,1.30559,0.524933,0.221005,1.0908
22,40,-0.567232,0.698132,0.174533,0.174533,-0.574261,0.691946,0.169879,0.141053,1.40581,0.346374,0.139621,1.0043,1.30559,0.524933,0.221005,1.0908
22,40,-0.567232,0.698132,0.174533,0.174533,-0.574261,0.691946,0.169879,0.141053,1.40581,0.346374,0.139621,1.0043,1.30559,0.524933,0.221005,1.0908
22,40,-0.567232,0.698132,0.174533,0.174533,-0.574261,0.691946,0.169879,0.141053,1.40581,0.346374,0.139621,1.0043,1.30559,0.524933,0.221005,1.0908
22,40,-0.567232,0.698132,0.174533,0.174533,-0.574261,0.691946,0.169879,0.141053,1.40581,0.346374,0.139621,1.0043,1.30559,0.524933,0.221005,1.0908
22,40,-0.567232,0.698132,0.174533,0.174533,-0.574261,0.691946,0.169879,0.141053,1.40581,0.346374,0.139621,1.0043,1.30559,0.524933,0.221005,1.0908
22,40,-0.567232,0.698132,0.174533,0.174533,-0.574261,0.691946,0.169879,0.141053,1.40581,0.346374,0.139621,1.0043,1.30559,0.524933,0.221005,1.0908
22,40,-0.567232,0.698132,0.174533,0.174533,-0.574261,0.691946,0.169879,0.141053,1.40581,0.346374,0.139621,1.0043,1.30559,0.524933,0.221005,1.0908
22,40,-0.567232,0.698132,0.174533,0.174533,-0.574261,0.691946,0.169926,0.141086,1.40581,0.346374,0.138187,1.0033,1.30559,0.524933,0.221005,1.0908
22,40,-0.567232,0.698132,0.174533,0.174533,-0.574261,0.691946,0.169926,0.141086,1.40581,0.346374,0.138187,1.0033,1.30559,0.524933,0.221005,1.0908
22,40,-0.567232,0.698132,0.174533,0.174533,-0.574261,0.691946,0.169926,0.141086,1.40581,0.346374,0.138187,1.0033,1.30559,0.524933,0.221005,1.0908
22,40,-0.567232,0.698132,0.174533,0.174533,-0.574261,0.691946,0.169926,0.141086,1.40581,0.346374,0.138187,1.0033,1.30559,0.524933,0.221005,1.0908
22,40,-0.567232,0.698132,0.174533,0.174533,-0.574261,0.691946,0.169974,0.141119,1.40581,0.346374,0.136734,1.0023,1.30559,0.524933,0.221005,1.0908
22,40,-0.567232,0.698132,0.174533,0.174533,-0.574261,0.691946,0.169915,0.141154,1.40581,0.346374,0.138504,1.00125,1.30559,0.524933,0.221005,1.0908
22,40,-0.567232,0.698132,0.174533,0.174533,-0.574261,0.691946,0.169915,0.141154,1.40581,0.346374,0.138504,1.00125,1.30559,0.524933,0.221005,1.0908
22,40,-0.567232,0.698132,0.174533,0.174533,-0.574261,0.691946,0.169915,0.141154,1.40581,0.346374,0.138504,1.00125,1.30559,0.524933,0.221005,1.0908
22,40,-0.567232,0.698132,0.174533,0.174533,-0.574261,0.691946,0.169915,0.141154,1.40581,0.346374,0.138504,1.00125,1.30559,0.524933,0.221005,1.0908
22,40,-0.567232,0.698132,0.174533,0.174533,-0.574261,0.691946,0.169915,0.141154,1.40581,0.346374,0.138504,1.00125,1.30559,0.524933,0.221005,1.0908
22,40,-0.567232,0.698132,0.174533,0.174533,-0.574261,0.691946,0.169915,0.141154,1.40581,0.346374,0.138504,1.00125,1.30559,0.524933,0.221005,1.0908
22,40,-0.567232,0.698132,0.174533,0.174533,-0.574261,0.691946,0.169915,0.141154,1.40581,0.346374,0.138504,1.00125,1.30559,0.524933,0.221005,1.0908
22,40,-0.567232,0.698132,0.174533,0.174533,-0.574261,0.691946,0.169915,0.141154,1.40581,0.346374,0.138504,1.00125,1.30559,0.524933,0.221005,1.0908
22,40,-0.567232,0.698132,0.174533,0.174533,-0.574261,0.691946,0.169915,0.141154,1.40581,0.346374,0.138504,1.00125,1.30559,0.524933,0.221005,1.0908
22,40,-0.567232,0.698132,0.174533,0.174533,-0.574261,0.691946,0.169915,0.141154,1.40581,0.346374,0.138504,1.00125,1.30559,0.524933,0.221005,1.0908
22,40,-0.567232,0.698132,0.174533,0.174533,-0.574261,0.691946,0.169904,0.141223,1.40581,0.346374,0.138818,0.99918,1.30559,0.524933,0.221005,1.0908
22,40,-0.567232,0.698132,0.174533,0.174533,-0.574261,0.691946,0.169952,0.141256,1.40581,0.346374,0.137387,0.998188,1.30559,0.524933,0.221005,1.0908
22,40,-0.567232,0.698132,0.174533,0.174533,-0.574261,0.691946,0.169952,0.141256,1.40581,0.346374,0.137387,0.998188,1.30559,0.524933,0.221005,1.0908
22,40,-0.567232,0.698132,0.174533,0.174533,-0.574261,0.691946,0.169952,0.141256,1.40581,0.346374,0.137387,0.998188,1.30559,0.524933,0.221005,1.0908
22,40,-0.567232,0.698132,0.174533,0.174533,-0.574261,0.691946,0.169952,0.141256,1.40581,0.346374,0.137387,0.998188,1.30559,0.524933,0.221005,1.0908
22,40,-0.567232,0.698132,0.174533,0.174533,-0.574261,0.691946,0.169952,0.141256,1.40581,0.346374,0.137387,0.998188,1.30559,0.524933,0.221005,1.0908
22,40,-0.567232,0.698132,0.174533,0.174533,-0.574261,0.691946,0.169952,0.141256,1.40581,0.346374,0.137387,0.998188,1.30559,0.524933,0.221005,1.0908
22,40,-0.567232,0.698132,0.174533,0.174533,-0.574261,0.691946,0.169952,0.141256,1.40581,0.346374,0.137387,0.998188,1.30559,0.524933,0.221005,1.0908
22,40,-0.567232,0.698132,0.174533,0.174533,-0.574261,0.691946,0.169952,0.141256,1.40581,0.346374,0.137387,0.998188,1.30559,0.524933,0.221005,1.0908
22,40,-0.567232,0.698132,0.174533,0.174533,-0.574261,0.691946,0.169952,0.141256,1.40581,0.346374,0.137387,0.998188,1.30559,0.524933,0.221005,1.0908
22,40,-0.567232,0.698132,0.174533,0.174533,-0.574261,0.691946,0.169952,0.141256,1.40581,0.346374,0.137387,0.998188,1.30559,0.524933,0.221005,1.0908
22,40,-0.567232,0.698132,0.174533,0.174533,-0.574261,0.691946,0.169893,0.141291,1.40581,0.346374,0.139159,0.997145,1.30559,0.524933,0.221005,1.0908
22,40,-0.567232,0.698132,0.174533,0.174533,-0.574261,0.691946,0.169941,0.141324,1.40581,0.346374,0.137715,0.996144,1.30559,0.524933,0.221005,1.0908
22,40,-0.567232,0.698132,0.174533,0.174533,-0.574261,0.691946,0.169941,0.141324,1.40581,0.346374,0.137715,0.996144,1.30559,0.524933,0.221005,1.0908
22,40,-0.567232,0.698132,0.174533,0.174533,-0.574261,0.691946,0.169941,0.141324,1.40581,0.346374,0.137715,0.996144,1.30559,0.524933,0.221005,1.0908
22,40,-0.567232,0.698132,0.174533,0.174533,-0.574261,0.691946,0.169941,0.141324,1.40581,0.346374,0.137715,0.996144,1.30559,0.524933,0.221005,1.0908
22,40,-0.567232,0.698132,0.174533,0.174533,-0.574261,0.691946,0.169989,0.141358,1.40581,0.346374,0.136264,0.995136,1.30559,0.524933,0.221005,1.0908
22,40,-0.567232,0.698132,0.174533,0.174533,-0.574261,0.691946,0.169989,0.141358,1.40581,0.346374,0.136264,0.995136,1.30559,0.524933,0.221005,1.0908
22,40,-0.567232,0.698132,0.174533,0.174533,-0.574261,0.691946,0.169989,0.141358,1.40581,0.346374,0.136264,0.995136,1.30559,0.524933,0.221005,1.0908
22,40,-0.567232,0.698132,0.174533,0.174533,-0.574261,0.691946,0.169989,0.141358,1.40581,0.346374,0.136264,0.995136,1.30559,0.524933,0.221005,1.0908
22,40,-0.567232,0.698132,0.174533,0.174533,-0.574261,0.691946,0.169989,0.141358,1.40581,0.346374,0.136264,0.995136,1.30559,0.524933,0.221005,1.0908
22,40,-0.567232,0.698132,0.174533,0.174533,-0.574261,0.691946,0.169989,0.141358,1.40581,0.346374,0.136264,0.995136,1.30559,0.524933,0.221005,1.0908
22,40,-0.567232,0.698132,0.174533,0.174533,-0.574261,0.691946,0.169989,0.141358,1.40581,0.346374,0.136264,0.995136,1.30559,0.524933,0.221005,1.0908
22,40,-0.567232,0.698132,0.174533,0.174533,-0.574261,0.691946,0.169989,0.141358,1.40581,0.346374,0.136264,0.995136,1.30559,0.524933,0.221005,1.0908
22,40,-0.567232,0.698132,0.174533,0.174533,-0.574261,0.691946,0.169989,0.141358,1.40581,0.346374,0.136264,0.995136,1.30559,0.524933,0.221005,1.0908
22,40,-0.567232,0.698132,0.174533,0.174533,-0.574261,0.691946,0.169989,0.141358,1.40581,0.346374,0.136264,0.995136,1.30559,0.524933,0.221005,1.0908
22,40,-0.567232,0.698132,0.174533,0.174533,-0.574261,0.691946,0.169989,0.141358,1.40581,0.346374,0.136264,0.995136,1.30559,0.524933,0.221005,1.0908
22,40,-0.567232,0.698132,0.174533,0.174533,-0.574261,0.691946,0.169989,0.141358,1.40581,0.346374,0.136264,0.995136,1.30559,0.524933,0.221005,1.0908
22,40,-0.567232,0.698132,0.174533,0.174533,-0.574261,0.691946,0.169989,0.141358,1.40581,0.346374,0.136264,0.995136,1.30559,0.524933,0.221005,1.0908
22,40,-0.567232,0.698132,0.174533,0.174533,-0.574261,0.691946,0.169929,0.141393,1.40581,0.346374,0.138042,0.99409,1.30559,0.524933,0.221005,1.0908
22,40,-0.567232,0.698132,0.174533,0.174533,-0.574261,0.691946,0.169929,0.141393,1.40581,0.346374,0.138042,0.99409,1.30559,0.524933,0.221005,1.0908
22,40,-0.567232,0.698132,0.174533,0.174533,-0.574261,0.691946,0.169929,0.141393,1.40581,0.346374,0.138042,0.99409,1.30559,0.524933,0.221005,1.0908
22,40,-0.567232,0.698132,0.174533,0.174533,-0.574261,0.691946,0.169929,0.141393,1.40581,0.346374,0.138042,0.99409,1.30559,0.524933,0.221005,1.0908
22,40,-0.567232,0.698132,0.174533,0.174533,-0.574261,0.691946,0.169929,0.141393,1.40581,0.346374,0.138042,0.99409,1.30559,0.524933,0.221005,1.0908
22,40,-0.567232,0.698132,0.174533,0.174533,-0.574261,0.691946,0.169929,0.141393,1.40581,0.346374,0.138042,0.99409,1.30559,0.524933,0.221005,1.0908
22,40,-0.567232,0.698132,0.174533,0.174533,-0.574261,0.691946,0.169929,0.141393,1.40581,0.346374,0.138042,0.99409,1.30559,0.524933,0.221005,1.0908
22,40,-0.567232,0.698132,0.174533,0.174533,-0.574261,0.691946,0.169977,0.141426,1.40581,0.346374,0.136653,0.993126,1.30559,0.524933,0.221005,1.0908
22,40,-0.567232,0.698132,0.174533,0.174533,-0.574261,0.691946,0.169977,0.141426,1.40581,0.346374,0.136653,0.993126,1.30559,0.524933,0.221005,1.0908
22,40,-0.567232,0.698132,0.174533,0.174533,-0.574261,0.691946,0.169977,0.141426,1.40581,0.346374,0.136653,0.993126,1.30559,0.524933,0.221005,1.0908
22,40,-0.567232,0.698132,0.174533,0.174533,-0.574261,0.691946,0.169977,0.141426,1.40581,0.346374,0.136653,0.993126,1.30559,0.524933,0.221005,1.0908
22,40,-0.567232,0.698132,0.174533,0.174533,-0.574261,0.691946,0.169977,0.141426,1.40581,0.346374,0.136653,0.993126,1.30559,0.524933,0.221005,1.0908
22,40,-0.567232,0.698132,0.174533,0.174533,-0.574261,0.691946,0.169977,0.141426,1.40581,0.346374,0.136653,0.993126,1.30559,0.524933,0.221005,1.0908
22,40,-0.567232,0.698132,0.174533,0.174533,-0.574261,0.691946,0.169977,0.141426,1.40581,0.346374,0.136653,0.993126,1.30559,0.524933,0.221005,1.0908
22,40,-0.567232,0.698132,0.174533,0.174533,-0.574261,0.691946,0.169977,0.141426,1.40581,0.346374,0.136653,0.993126,1.30559,0.524933,0.221005,1.0908
22,40,-0.567232,0.698132,0.174533,0.174533,-0.574261,0.691946,0.169977,0.141426,1.40581,0.346374,0.136653,0.993126,1.30559,0.524933,0.221005,1.0908
22,40,-0.567232,0.698132,0.174533,0.174533,-0.574261,0.691946,0.169977,0.141426,1.40581,0.346374,0.136653,0.993126,1.30559,0.524933,0.221005,1.0908
22,40,-0.567232,0.698132,0.174533,0.174533,-0.574261,0.691946,0.169977,0.141426,1.40581,0.346374,0.136653,0.993126,1.30559,0.524933,0.221005,1.0908
22,40,-0.567232,0.698132,0.174533,0.174533,-0.574261,0.691946,0.169977,0.141426,1.40581,0.346374,0.136653,0.993126,1.30559,0.524933,0.221005,1.0908
22,40,-0.567232,0.698132,0.174533,0.174533,-0.574261,0.691946,0.169977,0.141426,1.40581,0.346374,0.136653,0.993126,1.30559,0.524933,0.221005,1.0908
22,40,-0.567232,0.698132,0.174533,0.174533,-0.574261,0.691946,0.169977,0.141426,1.40581,0.346374,0.136653,0.993126,1.30559,0.524933,0.221005,1.0908
22,40,-0.567232,0.698132,0.174533,0.174533,-0.574261,0.691946,0.169977,0.141426,1.40581,0.346374,0.136653,0.993126,1.30559,0.524933,0.221005,1.0908
22,40,-0.567232,0.698132,0.174533,0.174533,-0.574261,0.691946,0.169977,0.141426,1.40581,0.346374,0.136653,0.993126,1.30559,0.524933,0.221005,1.0908
22,40,-0.567232,0.698132,0.174533,0.174533,-0.574261,0.691946,0.169977,0.141426,1.40581,0.346374,0.136653,0.993126,1.30559,0.524933,0.221005,1.0908
22,40,-0.567232,0.698132,0.174533,0.174533,-0.574261,0.691946,0.169977,0.141426,1.40581,0.346374,0.136653,0.993126,1.30559,0.524933,0.221005,1.0908
22,40,-0.567232,0.698132,0.174533,0.174533,-0.574261,0.691946,0.169977,0.141426,1.40581,0.346374,0.136653,0.993126,1.30559,0.524933,0.221005,1.0908
22,40,-0.567232,0.698132,0.174533,0.174533,-0.574261,0.691946,0.169977,0.141426,1.40581,0.346374,0.136653,0.993126,1.30559,0.524933,0.221005,1.0908
22,40,-0.567232,0.698132,0.174533,0.174533,-0.574261,0.691946,0.169977,0.141426,1.40581,0.346374,0.136653,0.993126,1.30559,0.524933,0.221005,1.0908
22,40,-0.567232,0.698132,0.174533,0.174533,-0.574261,0.691946,0.169977,0.141426,1.40581,0.346374,0.136653,0.993126,1.30559,0.524933,0.221005,1.0908
22,40,-0.567232,0.698132,0.174533,0.174533,-0.574261,0.691946,0.169977,0.141426,1.40581,0.346374,0.136653,0.993126,1.30559,0.524933,0.221005,1.0908
22,40,-0.567232,0.698132,0.174533,0.174533,-0.574261,0.691946,0.169977,0.141426,1.40581,0.346374,0.136653,0.993126,1.30559,0.524933,0.221005,1.0908
22,40,-0.567232,0.698132,0.174533,0.174533,-0.574261,0.691946,0.169977,0.141426,1.40581,0.346374,0.136653,0.993126,1.30559,0.524933,0.221005,1.0908
22,40,-0.567232,0.698132,0.174533,0.174533,-0.574261,0.691946,0.169977,0.141426,1.40581,0.346374,0.136653,0.993126,1.30559,0.524933,0.221005,1.0908
22,40,-0.567232,0.698132,0.174533,0.174533,-0.574261,0.691946,0.169977,0.141426,1.40581,0.346374,0.136653,0.993126,1.30559,0.524933,0.221005,1.0908
22,40,-0.567232,0.698132,0.174533,0.174533,-0.574261,0.691946,0.169977,0.141426,1.40581,0.346374,0.136653,0.993126,1.30559,0.524933,0.221005,1.0908
22,40,-0.567232,0.698132,0.174533,0.174533,-0.574261,0.691946,0.169977,0.141426,1.40581,0.346374,0.136653,0.993126,1.30559,0.524933,0.221005,1.0908
22,40,-0.567232,0.698132,0.174533,0.174533,-0.574261,0.691946,0.169977,0.141426,1.40581,0.346374,0.136653,0.993126,1.30559,0.524933,0.221005,1.0908
22,40,-0.567232,0.698132,0.174533,0.174533,-0.574261,0.691946,0.169977,0.141426,1.40581,0.346374,0.136653,0.993126,1.30559,0.524933,0.221005,1.0908
22,40,-0.567232,0.698132,0.174533,0.174533,-0.574261,0.691946,0.169977,0.141426,1.40581,0.346374,0.136653,0.993126,1.30559,0.524933,0.221005,1.0908
22,40,-0.567232,0.698132,0.174533,0.174533,-0.574261,0.691946,0.169977,0.141426,1.40581,0.346374,0.136653,0.993126,1.30559,0.524933,0.221005,1.0908
22,40,-0.567232,0.698132,0.174533,0.174533,-0.574261,0.691946,0.169977,0.141426,1.40581,0.346374,0.136653,0.993126,1.30559,0.524933,0.221005,1.0908
22,40,-0.567232,0.698132,0.174533,0.174533,-0.574261,0.691946,0.169977,0.141426,1.40581,0.346374,0.136653,0.993126,1.30559,0.524933,0.221005,1.0908
22,40,-0.567232,0.698132,0.174533,0.174533,-0.574261,0.691946,0.169977,0.141426,1.40581,0.346374,0.136653,0.993126,1.30559,0.524933,0.221005,1.0908
22,40,-0.567232,0.698132,0.174533,0.174533,-0.574261,0.691946,0.169977,0.141426,1.40581,0.346374,0.136653,0.993126,1.30559,0.524933,0.221005,1.0908
22,40,-0.567232,0.698132,0.174533,0.174533,-0.574261,0.691946,0.169977,0.141426,1.40581,0.346374,0.136653,0.993126,1.30559,0.524933,0.221005,1.0908
22,40,-0.567232,0.698132,0.174533,0.174533,-0.574261,0.691946,0.169977,0.141426,1.40581,0.346374,0.136653,0.993126,1.30559,0.524933,0.221005,1.0908
22,40,-0.567232,0.698132,0.174533,0.174533,-0.574261,0.691946,0.170025,0.141459,1.40581,0.346374,0.135248,0.992151,1.30559,0.524933,0.221005,1.0908
22,40,-0.567232,0.698132,0.174533,0.174533,-0.574261,0.691946,0.170025,0.141459,1.40581,0.346374,0.135248,0.992151,1.30559,0.524933,0.221005,1.0908
22,40,-0.567232,0.698132,0.174533,0.174533,-0.574261,0.691946,0.170025,0.141459,1.40581,0.346374,0.135248,0.992151,1.30559,0.524933,0.221005,1.0908
22,40,-0.567232,0.698132,0.174533,0.174533,-0.574261,0.691946,0.170025,0.141459,1.40581,0.346374,0.135248,0.992151,1.30559,0.524933,0.221005,1.0908
22,40,-0.567232,0.698132,0.174533,0.174533,-0.574261,0.691946,0.170025,0.141459,1.40581,0.346374,0.135248,0.992151,1.30559,0.524933,0.221005,1.0908
22,40,-0.567232,0.698132,0.174533,0.174533,-0.574261,0.691946,0.170025,0.141459,1.40581,0.346374,0.135248,0.992151,1.30559,0.524933,0.221005,1.0908
22,40,-0.567232,0.698132,0.174533,0.174533,-0.574261,0.691946,0.170025,0.141459,1.40581,0.346374,0.135248,0.992151,1.30559,0.524933,0.221005,1.0908
22,40,-0.567232,0.698132,0.174533,0.174533,-0.574261,0.691946,0.170025,0.141459,1.40581,0.346374,0.135248,0.992151,1.30559,0.524933,0.221005,1.0908
22,40,-0.567232,0.698132,0.174533,0.174533,-0.574261,0.691946,0.170025,0.141459,1.40581,0.346374,0.135248,0.992151,1.30559,0.524933,0.221005,1.0908
22,40,-0.567232,0.698132,0.174533,0.174533,-0.574261,0.691946,0.170025,0.141459,1.40581,0.346374,0.135248,0.992151,1.30559,0.524933,0.221005,1.0908
22,40,-0.567232,0.698132,0.174533,0.174533,-0.574261,0.691946,0.170025,0.141459,1.40581,0.346374,0.135248,0.992151,1.30559,0.524933,0.221005,1.0908
22,40,-0.567232,0.698132,0.174533,0.174533,-0.574261,0.691946,0.170025,0.141459,1.40581,0.346374,0.135248,0.992151,1.30559,0.524933,0.221005,1.0908
22,40,-0.567232,0.698132,0.174533,0.174533,-0.574261,0.691946,0.170025,0.141459,1.40581,0.346374,0.135248,0.992151,1.30559,0.524933,0.221005,1.0908
22,40,-0.567232,0.698132,0.174533,0.174533,-0.574261,0.691946,0.170025,0.141459,1.40581,0.346374,0.135248,0.992151,1.30559,0.524933,0.221005,1.0908
22,40,-0.567232,0.698132,0.174533,0.174533,-0.574261,0.691946,0.170025,0.141459,1.40581,0.346374,0.135248,0.992151,1.30559,0.524933,0.221005,1.0908
22,40,-0.567232,0.698132,0.174533,0.174533,-0.574261,0.691946,0.170025,0.141459,1.40581,0.346374,0.135248,0.992151,1.30559,0.524933,0.221005,1.0908
22,40,-0.567232,0.698132,0.174533,0.174533,-0.574261,0.691946,0.170025,0.141459,1.40581,0.346374,0.135248,0.992151,1.30559,0.524933,0.221005,1.0908
22,40,-0.567232,0.698132,0.174533,0.174533,-0.574261,0.691946,0.170025,0.141459,1.40581,0.346374,0.135248,0.992151,1.30559,0.524933,0.221005,1.0908
22,40,-0.567232,0.698132,0.174533,0.174533,-0.574261,0.691946,0.170025,0.141459,1.40581,0.346374,0.135248,0.992151,1.30559,0.524933,0.221005,1.0908
22,40,-0.567232,0.698132,0.174533,0.174533,-0.574261,0.691946,0.170025,0.141459,1.40581,0.346374,0.135248,0.992151,1.30559,0.524933,0.221005,1.0908
22,40,-0.567232,0.698132,0.174533,0.174533,-0.574261,0.691946,0.170025,0.141459,1.40581,0.346374,0.135248,0.992151,1.30559,0.524933,0.221005,1.0908
22,40,-0.567232,0.698132,0.174533,0.174533,-0.574261,0.691946,0.170025,0.141459,1.40581,0.346374,0.135248,0.992151,1.30559,0.524933,0.221005,1.0908
22,40,-0.567232,0.698132,0.174533,0.174533,-0.574261,0.691946,0.170025,0.141459,1.40581,0.346374,0.135248,0.992151,1.30559,0.524933,0.221005,1.0908
22,40,-0.567232,0.698132,0.174533,0.174533,-0.574261,0.691946,0.170025,0.141459,1.40581,0.346374,0.135248,0.992151,1.30559,0.524933,0.221005,1.0908
22,40,-0.567232,0.698132,0.174533,0.174533,-0.574261,0.691946,0.170025,0.141459,1.40581,0.346374,0.135248,0.992151,1.30559,0.524933,0.221005,1.0908
22,40,-0.567232,0.698132,0.174533,0.174533,-0.574261,0.691946,0.170025,0.141459,1.40581,0.346374,0.135248,0.992151,1.30559,0.524933,0.221005,1.0908
22,40,-0.567232,0.698132,0.174533,0.174533,-0.574261,0.691946,0.170025,0.141459,1.40581,0.346374,0.135248,0.992151,1.30559,0.524933,0.221005,1.0908
22,40,-0.567232,0.698132,0.174533,0.174533,-0.574261,0.691946,0.170025,0.141459,1.40581,0.346374,0.135248,0.992151,1.30559,0.524933,0.221005,1.0908
22,40,-0.567232,0.698132,0.174533,0.174533,-0.574261,0.691946,0.170025,0.141459,1.40581,0.346374,0.135248,0.992151,1.30559,0.524933,0.221005,1.0908
22,40,-0.567232,0.698132,0.174533,0.174533,-0.574261,0.691946,0.170025,0.141459,1.40581,0.346374,0.135248,0.992151,1.30559,0.524933,0.221005,1.0908
22,40,-0.567232,0.698132,0.174533,0.174533,-0.574261,0.691946,0.170025,0.141459,1.40581,0.346374,0.135248,0.992151,1.30559,0.524933,0.221005,1.0908
22,40,-0.567232,0.698132,0.174533,0.174533,-0.574261,0.691946,0.170025,0.141459,1.40581,0.346374,0.135248,0.992151,1.30559,0.524933,0.221005,1.0908
22,40,-0.567232,0.698132,0.174533,0.174533,-0.574261,0.691946,0.170025,0.141459,1.40581,0.346374,0.135248,0.992151,1.30559,0.524933,0.221005,1.0908
22,40,-0.567232,0.698132,0.174533,0.174533,-0.574261,0.691946,0.170025,0.141459,1.40581,0.346374,0.135248,0.992151,1.30559,0.524933,0.221005,1.0908
22,40,-0.567232,0.698132,0.174533,0.174533,-0.574261,0.691946,0.170025,0.141459,1.40581,0.346374,0.135248,0.992151,1.30559,0.524933,0.221005,1.0908
22,40,-0.567232,0.698132,0.174533,0.174533,-0.574261,0.691946,0.170025,0.141459,1.40581,0.346374,0.135247,0.992151,1.30559,0.524933,0.221005,1.0908
22,40,-0.567232,0.698132,0.174533,0.174533,-0.574261,0.691946,0.170025,0.141459,1.40581,0.346374,0.135246,0.992152,1.30559,0.524933,0.221005,1.0908
22,40,-0.567232,0.698132,0.174533,0.174533,-0.574261,0.691946,0.170025,0.141459,1.40581,0.346374,0.135245,0.992152,1.30559,0.524933,0.221005,1.0908
22,40,-0.567232,0.698132,0.174533,0.174533,-0.574261,0.691946,0.170025,0.141459,1.40581,0.346374,0.135245,0.992153,1.30559,0.524933,0.221005,1.0908
22,40,-0.567232,0.698132,0.174533,0.174533,-0.574261,0.691946,0.170025,0.141459,1.40581,0.346374,0.135188,0.992186,1.30559,0.524933,0.221005,1.0908
22,40,-0.567232,0.698132,0.174533,0.174533,-0.574261,0.691946,0.170025,0.141459,1.40581,0.346374,0.135188,0.992186,1.30559,0.524933,0.221005,1.0908
22,40,-0.567232,0.698132,0.174533,0.174533,-0.574261,0.691946,0.170025,0.141459,1.40581,0.346374,0.135188,0.992186,1.30559,0.524933,0.221005,1.0908
22,40,-0.567232,0.698132,0.174533,0.174533,-0.574261,0.691946,0.170025,0.141459,1.40581,0.346374,0.135188,0.992186,1.30559,0.524933,0.221005,1.0908
22,40,-0.567232,0.698132,0.174533,0.174533,-0.574261,0.691946,0.170025,0.141459,1.40581,0.346374,0.135188,0.992186,1.30559,0.524933,0.221005,1.0908
22,40,-0.567232,0.698132,0.174533,0.174533,-0.574261,0.691946,0.170025,0.141459,1.40581,0.346374,0.135188,0.992186,1.30559,0.524933,0.221005,1.0908
22,40,-0.567232,0.698132,0.174533,0.174533,-0.574261,0.691946,0.170025,0.141459,1.40581,0.346374,0.135188,0.992186,1.30559,0.524933,0.221005,1.0908
22,40,-0.567232,0.698132,0.174533,0.174533,-0.574261,0.691946,0.170025,0.141459,1.40581,0.346374,0.135188,0.992186,1.30559,0.524933,0.221005,1.0908
22,40,-0.567232,0.698132,0.174533,0.174533,-0.574261,0.691946,0.170025,0.141459,1.40581,0.346374,0.135188,0.992186,1.30559,0.524933,0.221005,1.0908
22,40,-0.567232,0.698132,0.174533,0.174533,-0.574261,0.691946,0.170025,0.141459,1.40581,0.346374,0.135188,0.992186,1.30559,0.524933,0.221005,1.0908
22,40,-0.567232,0.698132,0.174533,0.174533,-0.574261,0.691946,0.170025,0.141459,1.40581,0.346374,0.135188,0.992186,1.30559,0.524933,0.221005,1.0908
22,40,-0.567232,0.698132,0.174533,0.174533,-0.574261,0.691946,0.170025,0.141459,1.40581,0.346374,0.135188,0.992186,1.30559,0.524933,0.221005,1.0908
22,40,-0.567232,0.698132,0.174533,0.174533,-0.574261,0.691946,0.170025,0.141459,1.40581,0.346374,0.135188,0.992186,1.30559,0.524933,0.221005,1.0908
22,40,-0.567232,0.698132,0.174533,0.174533,-0.574261,0.691946,0.170025,0.141459,1.40581,0.346374,0.135188,0.992186,1.30559,0.524933,0.221005,1.0908
22,40,-0.567232,0.698132,0.174533,0.174533,-0.574261,0.691946,0.170025,0.141459,1.40581,0.346374,0.135188,0.992186,1.30559,0.524933,0.221005,1.0908
22,40,-0.567232,0.698132,0.174533,0.174533,-0.574261,0.691946,0.170025,0.141459,1.40581,0.346374,0.135188,0.992186,1.30559,0.524933,0.221005,1.0908
22,40,-0.567232,0.698132,0.174533,0.174533,-0.574261,0.691946,0.170025,0.141459,1.40581,0.346374,0.135188,0.992186,1.30559,0.524933,0.221005,1.0908
22,40,-0.567232,0.698132,0.174533,0.174533,-0.574261,0.691946,0.170025,0.141459,1.40581,0.346374,0.135188,0.992186,1.30559,0.524933,0.221005,1.0908
22,40,-0.567232,0.698132,0.174533,0.174533,-0.574261,0.691946,0.170025,0.141459,1.40581,0.346374,0.135188,0.992186,1.30559,0.524933,0.221005,1.0908
22,40,-0.567232,0.698132,0.174533,0.174533,-0.574261,0.691946,0.169966,0.141494,1.40581,0.346374,0.136967,0.991139,1.30559,0.524933,0.221005,1.0908
22,40,-0.567232,0.698132,0.174533,0.174533,-0.574261,0.691946,0.169966,0.141494,1.40581,0.346374,0.136967,0.991139,1.30559,0.524933,0.221005,1.0908
22,40,-0.567232,0.698132,0.174533,0.174533,-0.574261,0.691946,0.169966,0.141494,1.40581,0.346374,0.136967,0.991139,1.30559,0.524933,0.221005,1.0908
22,40,-0.567232,0.698132,0.174533,0.174533,-0.574261,0.691946,0.169966,0.141494,1.40581,0.346374,0.136967,0.991139,1.30559,0.524933,0.221005,1.0908
22,40,-0.567232,0.698132,0.174533,0.174533,-0.574261,0.691946,0.169966,0.141494,1.40581,0.346374,0.136967,0.991139,1.30559,0.524933,0.221005,1.0908
22,40,-0.567232,0.698132,0.174533,0.174533,-0.574261,0.691946,0.169966,0.141494,1.40581,0.346374,0.136967,0.991139,1.30559,0.524933,0.221005,1.0908
22,40,-0.567232,0.698132,0.174533,0.174533,-0.574261,0.691946,0.169966,0.141494,1.40581,0.346374,0.136967,0.991139,1.30559,0.524933,0.221005,1.0908
22,40,-0.567232,0.698132,0.174533,0.174533,-0.574261,0.691946,0.169966,0.141494,1.40581,0.346374,0.136967,0.991139,1.30559,0.524933,0.221005,1.0908
22,40,-0.567232,0.698132,0.174533,0.174533,-0.574261,0.691946,0.169966,0.141494,1.40581,0.346374,0.136967,0.991139,1.30559,0.524933,0.221005,1.0908
22,40,-0.567232,0.698132,0.174533,0.174533,-0.574261,0.691946,0.169966,0.141494,1.40581,0.346374,0.136967,0.991139,1.30559,0.524933,0.221005,1.0908
22,40,-0.567232,0.698132,0.174533,0.174533,-0.574261,0.691946,0.169966,0.141494,1.40581,0.346374,0.136967,0.991139,1.30559,0.524933,0.221005,1.0908
22,40,-0.567232,0.698132,0.174533,0.174533,-0.574261,0.691946,0.169966,0.141494,1.40581,0.346374,0.136967,0.991139,1.30559,0.524933,0.221005,1.0908
22,40,-0.567232,0.698132,0.174533,0.174533,-0.574261,0.691946,0.169966,0.141494,1.40581,0.346374,0.136967,0.991139,1.30559,0.524933,0.221005,1.0908
22,40,-0.567232,0.698132,0.174533,0.174533,-0.574261,0.691946,0.169966,0.141494,1.40581,0.346374,0.136967,0.991139,1.30559,0.524933,0.221005,1.0908
22,40,-0.567232,0.698132,0.174533,0.174533,-0.574261,0.691946,0.169966,0.141494,1.40581,0.346374,0.136967,0.991139,1.30559,0.524933,0.221005,1.0908
22,40,-0.567232,0.698132,0.174533,0.174533,-0.574261,0.691946,0.169966,0.141494,1.40581,0.346374,0.136967,0.991139,1.30559,0.524933,0.221005,1.0908
22,40,-0.567232,0.698132,0.174533,0.174533,-0.574261,0.691946,0.169966,0.141494,1.40581,0.346374,0.136967,0.99114,1.30559,0.524933,0.221005,1.0908
22,40,-0.567232,0.698132,0.174533,0.174533,-0.574261,0.691946,0.169966,0.141494,1.40581,0.346374,0.136968,0.99114,1.30559,0.524933,0.221005,1.0908
22,40,-0.567232,0.698132,0.174533,0.174533,-0.574261,0.691946,0.169966,0.141494,1.40581,0.346374,0.136969,0.991141,1.30559,0.524933,0.221005,1.0908
22,40,-0.567232,0.698132,0.174533,0.174533,-0.574261,0.691946,0.169966,0.141494,1.40581,0.346374,0.136969,0.991141,1.30559,0.524933,0.221005,1.0908
22,40,-0.567232,0.698132,0.174533,0.174533,-0.574261,0.691946,0.169966,0.141494,1.40581,0.346374,0.13697,0.991141,1.30559,0.524933,0.221005,1.0908
22,40,-0.567232,0.698132,0.174533,0.174533,-0.574261,0.691946,0.169966,0.141494,1.40581,0.346374,0.136971,0.991142,1.30559,0.524933,0.221005,1.0908
22,40,-0.567232,0.698132,0.174533,0.174533,-0.574261,0.691946,0.169966,0.141494,1.40581,0.346374,0.136971,0.991142,1.30559,0.524933,0.221005,1.0908
22,40,-0.567232,0.698132,0.174533,0.174533,-0.574261,0.691946,0.169966,0.141494,1.40581,0.346374,0.136972,0.991143,1.30559,0.524933,0.221005,1.0908
22,40,-0.567232,0.698132,0.174533,0.174533,-0.574261,0.691946,0.169966,0.141494,1.40581,0.346374,0.136972,0.991143,1.30559,0.524933,0.221005,1.0908
22,40,-0.567232,0.698132,0.174533,0.174533,-0.574261,0.691946,0.169966,0.141494,1.40581,0.346374,0.136973,0.991143,1.30559,0.524933,0.221005,1.0908
22,40,-0.567232,0.698132,0.174533,0.174533,-0.574261,0.691946,0.169966,0.141494,1.40581,0.346374,0.137019,0.991175,1.30559,0.524933,0.221005,1.0908
22,40,-0.567232,0.698132,0.174533,0.174533,-0.574261,0.691946,0.169966,0.141494,1.40581,0.346374,0.137019,0.991175,1.30559,0.524933,0.221005,1.0908
22,40,-0.567232,0.698132,0.174533,0.174533,-0.574261,0.691946,0.169966,0.141494,1.40581,0.346374,0.137019,0.991175,1.30559,0.524933,0.221005,1.0908
22,40,-0.567232,0.698132,0.174533,0.174533,-0.574261,0.691946,0.169966,0.141494,1.40581,0.346374,0.137019,0.991175,1.30559,0.524933,0.221005,1.0908
22,40,-0.567232,0.698132,0.174533,0.174533,-0.574261,0.691946,0.169966,0.141494,1.40581,0.346374,0.137019,0.991175,1.30559,0.524933,0.221005,1.0908
22,40,-0.567232,0.698132,0.174533,0.174533,-0.574261,0.691946,0.169966,0.141494,1.40581,0.346374,0.137019,0.991175,1.30559,0.524933,0.221005,1.0908
22,40,-0.567232,0.698132,0.174533,0.174533,-0.574261,0.691946,0.169966,0.141494,1.40581,0.346374,0.137019,0.991175,1.30559,0.524933,0.221005,1.0908
22,40,-0.567232,0.698132,0.174533,0.174533,-0.574261,0.691946,0.170013,0.141527,1.40581,0.346374,0.135585,0.99018,1.30559,0.524933,0.221005,1.0908
22,40,-0.567232,0.698132,0.174533,0.174533,-0.574261,0.691946,0.170013,0.141527,1.40581,0.346374,0.135585,0.99018,1.30559,0.524933,0.221005,1.0908
22,40,-0.567232,0.698132,0.174533,0.174533,-0.574261,0.691946,0.170013,0.141527,1.40581,0.346374,0.135585,0.99018,1.30559,0.524933,0.221005,1.0908
22,40,-0.567232,0.698132,0.174533,0.174533,-0.574261,0.691946,0.170013,0.141527,1.40581,0.346374,0.135585,0.99018,1.30559,0.524933,0.221005,1.0908
22,40,-0.567232,0.698132,0.174533,0.174533,-0.574261,0.691946,0.170013,0.141527,1.40581,0.346374,0.135585,0.99018,1.30559,0.524933,0.221005,1.0908
22,40,-0.567232,0.698132,0.174533,0.174533,-0.574261,0.691946,0.170013,0.141527,1.40581,0.346374,0.135585,0.99018,1.30559,0.524933,0.221005,1.0908
22,40,-0.567232,0.698132,0.174533,0.174533,-0.574261,0.691946,0.170013,0.141527,1.40581,0.346374,0.135585,0.99018,1.30559,0.524933,0.221005,1.0908
22,40,-0.567232,0.698132,0.174533,0.174533,-0.574261,0.691946,0.170013,0.141527,1.40581,0.346374,0.135585,0.99018,1.30559,0.524933,0.221005,1.0908
22,40,-0.567232,0.698132,0.174533,0.174533,-0.574261,0.691946,0.170013,0.141527,1.40581,0.346374,0.135585,0.99018,1.30559,0.524933,0.221005,1.0908
22,40,-0.567232,0.698132,0.174533,0.174533,-0.574261,0.691946,0.170013,0.141527,1.40581,0.346374,0.135585,0.99018,1.30559,0.524933,0.221005,1.0908
22,40,-0.567232,0.698132,0.174533,0.174533,-0.574261,0.691946,0.170013,0.141527,1.40581,0.346374,0.135585,0.99018,1.30559,0.524933,0.221005,1.0908
22,40,-0.567232,0.698132,0.174533,0.174533,-0.574261,0.691946,0.170013,0.141527,1.40581,0.346374,0.135585,0.99018,1.30559,0.524933,0.221005,1.0908
22,40,-0.567232,0.698132,0.174533,0.174533,-0.574261,0.691946,0.170013,0.141527,1.40581,0.346374,0.135585,0.99018,1.30559,0.524933,0.221005,1.0908
22,40,-0.567232,0.698132,0.174533,0.174533,-0.574261,0.691946,0.170013,0.141527,1.40581,0.346374,0.135585,0.99018,1.30559,0.524933,0.221005,1.0908
22,40,-0.567232,0.698132,0.174533,0.174533,-0.574261,0.691946,0.170013,0.141527,1.40581,0.346374,0.135585,0.99018,1.30559,0.524933,0.221005,1.0908
22,40,-0.567232,0.698132,0.174533,0.174533,-0.574261,0.691946,0.170013,0.141527,1.40581,0.346374,0.135585,0.99018,1.30559,0.524933,0.221005,1.0908
22,40,-0.567232,0.698132,0.174533,0.174533,-0.574261,0.691946,0.170013,0.141527,1.40581,0.346374,0.135585,0.99018,1.30559,0.524933,0.221005,1.0908
22,40,-0.567232,0.698132,0.174533,0.174533,-0.574261,0.691946,0.170013,0.141527,1.40581,0.346374,0.135585,0.99018,1.30559,0.524933,0.221005,1.0908
22,40,-0.567232,0.698132,0.174533,0.174533,-0.574261,0.691946,0.170013,0.141527,1.40581,0.346374,0.135585,0.99018,1.30559,0.524933,0.221005,1.0908
22,40,-0.567232,0.698132,0.174533,0.174533,-0.574261,0.691946,0.170013,0.141527,1.40581,0.346374,0.135585,0.99018,1.30559,0.524933,0.221005,1.0908
22,40,-0.567232,0.698132,0.174533,0.174533,-0.574261,0.691946,0.170013,0.141527,1.40581,0.346374,0.135585,0.99018,1.30559,0.524933,0.221005,1.0908
22,40,-0.567232,0.698132,0.174533,0.174533,-0.574261,0.691946,0.170013,0.141527,1.40581,0.346374,0.135585,0.99018,1.30559,0.524933,0.221005,1.0908
22,40,-0.567232,0.698132,0.174533,0.174533,-0.574261,0.691946,0.170013,0.141527,1.40581,0.346374,0.135585,0.99018,1.30559,0.524933,0.221005,1.0908
22,40,-0.567232,0.698132,0.174533,0.174533,-0.574261,0.691946,0.170013,0.141527,1.40581,0.346374,0.135585,0.99018,1.30559,0.524933,0.221005,1.0908
22,40,-0.567232,0.698132,0.174533,0.174533,-0.574261,0.691946,0.170061,0.14156,1.40581,0.346374,0.13415,0.989185,1.30559,0.524933,0.221005,1.0908
22,40,-0.567232,0.698132,0.174533,0.174533,-0.574261,0.691946,0.170061,0.14156,1.40581,0.346374,0.13415,0.989185,1.30559,0.524933,0.221005,1.0908
22,40,-0.567232,0.698132,0.174533,0.174533,-0.574261,0.691946,0.170061,0.14156,1.40581,0.346374,0.13415,0.989185,1.30559,0.524933,0.221005,1.0908
22,40,-0.567232,0.698132,0.174533,0.174533,-0.574261,0.691946,0.170061,0.14156,1.40581,0.346374,0.13415,0.989185,1.30559,0.524933,0.221005,1.0908
22,40,-0.567232,0.698132,0.174533,0.174533,-0.574261,0.691946,0.170061,0.14156,1.40581,0.346374,0.13415,0.989185,1.30559,0.524933,0.221005,1.0908
22,40,-0.567232,0.698132,0.174533,0.174533,-0.574261,0.691946,0.170061,0.14156,1.40581,0.346374,0.13415,0.989185,1.30559,0.524933,0.221005,1.0908
22,40,-0.567232,0.698132,0.174533,0.174533,-0.574261,0.691946,0.170061,0.14156,1.40581,0.346374,0.13415,0.989185,1.30559,0.524933,0.221005,1.0908
22,40,-0.567232,0.698132,0.174533,0.174533,-0.574261,0.691946,0.170061,0.14156,1.40581,0.346374,0.13415,0.989185,1.30559,0.524933,0.221005,1.0908
22,40,-0.567232,0.698132,0.174533,0.174533,-0.574261,0.691946,0.170061,0.14156,1.40581,0.346374,0.13415,0.989185,1.30559,0.524933,0.221005,1.0908
22,40,-0.567232,0.698132,0.174533,0.174533,-0.574261,0.691946,0.170061,0.14156,1.40581,0.346374,0.13415,0.989185,1.30559,0.524933,0.221005,1.0908
22,40,-0.567232,0.698132,0.174533,0.174533,-0.574261,0.691946,0.170061,0.14156,1.40581,0.346374,0.13415,0.989185,1.30559,0.524933,0.221005,1.0908
22,40,-0.567232,0.698132,0.174533,0.174533,-0.574261,0.691946,0.170051,0.141629,1.40581,0.346374,0.134465,0.98711,1.30559,0.524933,0.221005,1.0908
22,40,-0.567232,0.698132,0.174533,0.174533,-0.574261,0.691946,0.170051,0.141629,1.40581,0.346374,0.134465,0.98711,1.30559,0.524933,0.221005,1.0908
22,40,-0.567232,0.698132,0.174533,0.174533,-0.574261,0.691946,0.170051,0.141629,1.40581,0.346374,0.134465,0.98711,1.30559,0.524933,0.221005,1.0908
22,40,-0.567232,0.698132,0.174533,0.174533,-0.574261,0.691946,0.170051,0.141629,1.40581,0.346374,0.134465,0.98711,1.30559,0.524933,0.221005,1.0908
22,40,-0.567232,0.698132,0.174533,0.174533,-0.574261,0.691946,0.170099,0.141662,1.40581,0.346374,0.133031,0.986115,1.30559,0.524933,0.221005,1.0908
22,40,-0.567232,0.698132,0.174533,0.174533,-0.574261,0.691946,0.170039,0.141697,1.40581,0.346374,0.134809,0.985068,1.30559,0.524933,0.221005,1.0908
22,40,-0.567232,0.698132,0.174533,0.174533,-0.574261,0.691946,0.170039,0.141697,1.40581,0.346374,0.134809,0.985068,1.30559,0.524933,0.221005,1.0908
22,40,-0.567232,0.698132,0.174533,0.174533,-0.574261,0.691946,0.170039,0.141697,1.40581,0.346374,0.134809,0.985068,1.30559,0.524933,0.221005,1.0908
22,40,-0.567232,0.698132,0.174533,0.174533,-0.574261,0.691946,0.170039,0.141697,1.40581,0.346374,0.134809,0.985068,1.30559,0.524933,0.221005,1.0908
22,40,-0.567232,0.698132,0.174533,0.174533,-0.574261,0.691946,0.170039,0.141697,1.40581,0.346374,0.134809,0.985068,1.30559,0.524933,0.221005,1.0908
22,40,-0.567232,0.698132,0.174533,0.174533,-0.574261,0.691946,0.170039,0.141697,1.40581,0.346374,0.134809,0.985068,1.30559,0.524933,0.221005,1.0908
22,40,-0.567232,0.698132,0.174533,0.174533,-0.574261,0.691946,0.170039,0.141697,1.40581,0.346374,0.134809,0.985068,1.30559,0.524933,0.221005,1.0908
22,40,-0.567232,0.698132,0.174533,0.174533,-0.574261,0.691946,0.170039,0.141697,1.40581,0.346374,0.134809,0.985068,1.30559,0.524933,0.221005,1.0908
22,40,-0.567232,0.698132,0.174533,0.174533,-0.574261,0.691946,0.170087,0.141731,1.40581,0.346374,0.133375,0.984073,1.30559,0.524933,0.221005,1.0908
22,40,-0.567232,0.698132,0.174533,0.174533,-0.574261,0.691946,0.170087,0.141731,1.40581,0.346374,0.133375,0.984073,1.30559,0.524933,0.221005,1.0908
22,40,-0.567232,0.698132,0.174533,0.174533,-0.574261,0.691946,0.170087,0.141731,1.40581,0.346374,0.133375,0.984073,1.30559,0.524933,0.221005,1.0908
22,40,-0.567232,0.698132,0.174533,0.174533,-0.574261,0.691946,0.170087,0.141731,1.40581,0.346374,0.133375,0.984073,1.30559,0.524933,0.221005,1.0908
22,40,-0.567232,0.698132,0.174533,0.174533,-0.574261,0.691946,0.170087,0.141731,1.40581,0.346374,0.133375,0.984073,1.30559,0.524933,0.221005,1.0908
22,40,-0.567232,0.698132,0.174533,0.174533,-0.574261,0.691946,0.170087,0.141731,1.40581,0.346374,0.133375,0.984073,1.30559,0.524933,0.221005,1.0908
22,40,-0.567232,0.698132,0.174533,0.174533,-0.574261,0.691946,0.170087,0.141731,1.40581,0.346374,0.133375,0.984073,1.30559,0.524933,0.221005,1.0908
22,40,-0.567232,0.698132,0.174533,0.174533,-0.574261,0.691946,0.170087,0.141731,1.40581,0.346374,0.133375,0.984073,1.30559,0.524933,0.221005,1.0908
22,40,-0.567232,0.698132,0.174533,0.174533,-0.574261,0.691946,0.170087,0.141731,1.40581,0.346374,0.133375,0.984073,1.30559,0.524933,0.221005,1.0908
22,40,-0.567232,0.698132,0.174533,0.174533,-0.574261,0.691946,0.170087,0.141731,1.40581,0.346374,0.133375,0.984073,1.30559,0.524933,0.221005,1.0908
22,40,-0.567232,0.698132,0.174533,0.174533,-0.574261,0.691946,0.170087,0.141731,1.40581,0.346374,0.133375,0.984073,1.30559,0.524933,0.221005,1.0908
22,40,-0.567232,0.698132,0.174533,0.174533,-0.574261,0.691946,0.170135,0.141764,1.40581,0.346374,0.131876,0.983032,1.30559,0.524933,0.221005,1.0908
22,40,-0.567232,0.698132,0.174533,0.174533,-0.574261,0.691946,0.170076,0.141799,1.40581,0.346374,0.133654,0.981985,1.30559,0.524933,0.221005,1.0908
22,40,-0.567232,0.698132,0.174533,0.174533,-0.574261,0.691946,0.170065,0.141868,1.40581,0.346374,0.133969,0.97991,1.30559,0.524933,0.221005,1.0908
22,40,-0.567232,0.698132,0.174533,0.174533,-0.574261,0.691946,0.170065,0.141868,1.40581,0.346374,0.133969,0.97991,1.30559,0.524933,0.221005,1.0908
22,40,-0.567232,0.698132,0.174533,0.174533,-0.574261,0.691946,0.170065,0.141868,1.40581,0.346374,0.133969,0.97991,1.30559,0.524933,0.221005,1.0908
22,40,-0.567232,0.698132,0.174533,0.174533,-0.574261,0.691946,0.170065,0.141868,1.40581,0.346374,0.133969,0.97991,1.30559,0.524933,0.221005,1.0908
22,40,-0.567232,0.698132,0.174533,0.174533,-0.574261,0.691946,0.170065,0.141868,1.40581,0.346374,0.133969,0.97991,1.30559,0.524933,0.221005,1.0908
22,40,-0.567232,0.698132,0.174533,0.174533,-0.574261,0.691946,0.170065,0.141868,1.40581,0.346374,0.133969,0.97991,1.30559,0.524933,0.221005,1.0908
22,40,-0.567232,0.698132,0.174533,0.174533,-0.574261,0.691946,0.170006,0.141903,1.40581,0.346374,0.135747,0.978863,1.30559,0.524933,0.221005,1.0908
22,40,-0.567232,0.698132,0.174533,0.174533,-0.574261,0.691946,0.170006,0.141903,1.40581,0.346374,0.135747,0.978863,1.30559,0.524933,0.221005,1.0908
22,40,-0.567232,0.698132,0.174533,0.174533,-0.574261,0.691946,0.170006,0.141903,1.40581,0.346374,0.135747,0.978863,1.30559,0.524933,0.221005,1.0908
22,40,-0.567232,0.698132,0.174533,0.174533,-0.574261,0.691946,0.170006,0.141903,1.40581,0.346374,0.135747,0.978863,1.30559,0.524933,0.221005,1.0908
22,40,-0.567232,0.698132,0.174533,0.174533,-0.574261,0.691946,0.170054,0.141936,1.40581,0.346374,0.134298,0.977857,1.30559,0.524933,0.221005,1.0908
22,40,-0.567232,0.698132,0.174533,0.174533,-0.574261,0.691946,0.170054,0.141936,1.40581,0.346374,0.134298,0.977857,1.30559,0.524933,0.221005,1.0908
22,40,-0.567232,0.698132,0.174533,0.174533,-0.574261,0.691946,0.170054,0.141936,1.40581,0.346374,0.134298,0.977857,1.30559,0.524933,0.221005,1.0908
22,40,-0.567232,0.698132,0.174533,0.174533,-0.574261,0.691946,0.170054,0.141936,1.40581,0.346374,0.134298,0.977857,1.30559,0.524933,0.221005,1.0908
22,40,-0.567232,0.698132,0.174533,0.174533,-0.574261,0.691946,0.170054,0.141936,1.40581,0.346374,0.134298,0.977857,1.30559,0.524933,0.221005,1.0908
22,40,-0.567232,0.698132,0.174533,0.174533,-0.574261,0.691946,0.170054,0.141936,1.40581,0.346374,0.134298,0.977857,1.30559,0.524933,0.221005,1.0908
22,40,-0.567232,0.698132,0.174533,0.174533,-0.574261,0.691946,0.170101,0.141969,1.40581,0.346374,0.132844,0.976848,1.30559,0.524933,0.221005,1.0908
22,40,-0.567232,0.698132,0.174533,0.174533,-0.574261,0.691946,0.170101,0.141969,1.40581,0.346374,0.132844,0.976848,1.30559,0.524933,0.221005,1.0908
22,40,-0.567232,0.698132,0.174533,0.174533,-0.574261,0.691946,0.170101,0.141969,1.40581,0.346374,0.132844,0.976848,1.30559,0.524933,0.221005,1.0908
22,40,-0.567232,0.698132,0.174533,0.174533,-0.574261,0.691946,0.170101,0.141969,1.40581,0.346374,0.132844,0.976848,1.30559,0.524933,0.221005,1.0908
22,40,-0.567232,0.698132,0.174533,0.174533,-0.574261,0.691946,0.170101,0.141969,1.40581,0.346374,0.132844,0.976848,1.30559,0.524933,0.221005,1.0908
22,40,-0.567232,0.698132,0.174533,0.174533,-0.574261,0.691946,0.170101,0.141969,1.40581,0.346374,0.132844,0.976848,1.30559,0.524933,0.221005,1.0908
22,40,-0.567232,0.698132,0.174533,0.174533,-0.574261,0.691946,0.170101,0.141969,1.40581,0.346374,0.132844,0.976848,1.30559,0.524933,0.221005,1.0908
22,40,-0.567232,0.698132,0.174533,0.174533,-0.574261,0.691946,0.170101,0.141969,1.40581,0.346374,0.132844,0.976848,1.30559,0.524933,0.221005,1.0908
22,40,-0.567232,0.698132,0.174533,0.174533,-0.574261,0.691946,0.170101,0.141969,1.40581,0.346374,0.132844,0.976848,1.30559,0.524933,0.221005,1.0908
22,40,-0.567232,0.698132,0.174533,0.174533,-0.574261,0.691946,0.170042,0.142004,1.40581,0.346374,0.134622,0.975802,1.30559,0.524933,0.221005,1.0908
22,40,-0.567232,0.698132,0.174533,0.174533,-0.574261,0.691946,0.170042,0.142004,1.40581,0.346374,0.134622,0.975802,1.30559,0.524933,0.221005,1.0908
22,40,-0.567232,0.698132,0.174533,0.174533,-0.574261,0.691946,0.170042,0.142004,1.40581,0.346374,0.134622,0.975802,1.30559,0.524933,0.221005,1.0908
22,40,-0.567232,0.698132,0.174533,0.174533,-0.574261,0.691946,0.170042,0.142004,1.40581,0.346374,0.134622,0.975802,1.30559,0.524933,0.221005,1.0908
22,40,-0.567232,0.698132,0.174533,0.174533,-0.574261,0.691946,0.170042,0.142004,1.40581,0.346374,0.134622,0.975802,1.30559,0.524933,0.221005,1.0908
22,40,-0.567232,0.698132,0.174533,0.174533,-0.574261,0.691946,0.170042,0.142004,1.40581,0.346374,0.134622,0.975802,1.30559,0.524933,0.221005,1.0908
22,40,-0.567232,0.698132,0.174533,0.174533,-0.574261,0.691946,0.170042,0.142004,1.40581,0.346374,0.134622,0.975802,1.30559,0.524933,0.221005,1.0908
22,40,-0.567232,0.698132,0.174533,0.174533,-0.574261,0.691946,0.170042,0.142004,1.40581,0.346374,0.134622,0.975802,1.30559,0.524933,0.221005,1.0908
22,40,-0.567232,0.698132,0.174533,0.174533,-0.574261,0.691946,0.170042,0.142004,1.40581,0.346374,0.134622,0.975802,1.30559,0.524933,0.221005,1.0908
22,40,-0.567232,0.698132,0.174533,0.174533,-0.574261,0.691946,0.170042,0.142004,1.40581,0.346374,0.134622,0.975802,1.30559,0.524933,0.221005,1.0908
22,40,-0.567232,0.698132,0.174533,0.174533,-0.574261,0.691946,0.170042,0.142004,1.40581,0.346374,0.134622,0.975802,1.30559,0.524933,0.221005,1.0908
22,40,-0.567232,0.698132,0.174533,0.174533,-0.574261,0.691946,0.17009,0.142037,1.40581,0.346374,0.13321,0.974821,1.30559,0.524933,0.221005,1.0908
22,40,-0.567232,0.698132,0.174533,0.174533,-0.574261,0.691946,0.17009,0.142037,1.40581,0.346374,0.13321,0.974821,1.30559,0.524933,0.221005,1.0908
22,40,-0.567232,0.698132,0.174533,0.174533,-0.574261,0.691946,0.170031,0.142072,1.40581,0.346374,0.135067,0.973727,1.30559,0.524933,0.221005,1.0908
22,40,-0.567232,0.698132,0.174533,0.174533,-0.574261,0.691946,0.170031,0.142072,1.40581,0.346374,0.135067,0.973727,1.30559,0.524933,0.221005,1.0908
22,40,-0.567232,0.698132,0.174533,0.174533,-0.574261,0.691946,0.170031,0.142072,1.40581,0.346374,0.135067,0.973727,1.30559,0.524933,0.221005,1.0908
22,40,-0.567232,0.698132,0.174533,0.174533,-0.574261,0.691946,0.170031,0.142072,1.40581,0.346374,0.135067,0.973727,1.30559,0.524933,0.221005,1.0908
22,40,-0.567232,0.698132,0.174533,0.174533,-0.574261,0.691946,0.170031,0.142072,1.40581,0.346374,0.135067,0.973727,1.30559,0.524933,0.221005,1.0908
22,40,-0.567232,0.698132,0.174533,0.174533,-0.574261,0.691946,0.170031,0.142072,1.40581,0.346374,0.135067,0.973727,1.30559,0.524933,0.221005,1.0908
22,40,-0.567232,0.698132,0.174533,0.174533,-0.574261,0.691946,0.170031,0.142072,1.40581,0.346374,0.135067,0.973727,1.30559,0.524933,0.221005,1.0908
22,40,-0.567232,0.698132,0.174533,0.174533,-0.574261,0.691946,0.170031,0.142072,1.40581,0.346374,0.135067,0.973727,1.30559,0.524933,0.221005,1.0908
22,40,-0.567232,0.698132,0.174533,0.174533,-0.574261,0.691946,0.170031,0.142072,1.40581,0.346374,0.135067,0.973727,1.30559,0.524933,0.221005,1.0908
22,40,-0.567232,0.698132,0.174533,0.174533,-0.574261,0.691946,0.170031,0.142072,1.40581,0.346374,0.135067,0.973727,1.30559,0.524933,0.221005,1.0908
22,40,-0.567232,0.698132,0.174533,0.174533,-0.574261,0.691946,0.170031,0.142072,1.40581,0.346374,0.135067,0.973727,1.30559,0.524933,0.221005,1.0908
22,40,-0.567232,0.698132,0.174533,0.174533,-0.574261,0.691946,0.170031,0.142072,1.40581,0.346374,0.135067,0.973727,1.30559,0.524933,0.221005,1.0908
22,40,-0.567232,0.698132,0.174533,0.174533,-0.574261,0.691946,0.170031,0.142072,1.40581,0.346374,0.135067,0.973727,1.30559,0.524933,0.221005,1.0908
22,40,-0.567232,0.698132,0.174533,0.174533,-0.574261,0.691946,0.170031,0.142072,1.40581,0.346374,0.135067,0.973727,1.30559,0.524933,0.221005,1.0908
22,40,-0.567232,0.698132,0.174533,0.174533,-0.574261,0.691946,0.170031,0.142072,1.40581,0.346374,0.135067,0.973727,1.30559,0.524933,0.221005,1.0908
22,40,-0.567232,0.698132,0.174533,0.174533,-0.574261,0.691946,0.170031,0.142072,1.40581,0.346374,0.135067,0.973727,1.30559,0.524933,0.221005,1.0908
22,40,-0.567232,0.698132,0.174533,0.174533,-0.574261,0.691946,0.170031,0.142072,1.40581,0.346374,0.135067,0.973727,1.30559,0.524933,0.221005,1.0908
22,40,-0.567232,0.698132,0.174533,0.174533,-0.574261,0.691946,0.170031,0.142072,1.40581,0.346374,0.135067,0.973727,1.30559,0.524933,0.221005,1.0908
22,40,-0.567232,0.698132,0.174533,0.174533,-0.574261,0.691946,0.170031,0.142072,1.40581,0.346374,0.135067,0.973727,1.30559,0.524933,0.221005,1.0908
22,40,-0.567232,0.698132,0.174533,0.174533,-0.574261,0.691946,0.170031,0.142072,1.40581,0.346374,0.135067,0.973727,1.30559,0.524933,0.221005,1.0908
22,40,-0.567232,0.698132,0.174533,0.174533,-0.574261,0.691946,0.170031,0.142072,1.40581,0.346374,0.135067,0.973727,1.30559,0.524933,0.221005,1.0908
22,40,-0.567232,0.698132,0.174533,0.174533,-0.574261,0.691946,0.170031,0.142072,1.40581,0.346374,0.135067,0.973727,1.30559,0.524933,0.221005,1.0908
22,40,-0.567232,0.698132,0.174533,0.174533,-0.574261,0.691946,0.170031,0.142072,1.40581,0.346374,0.135067,0.973727,1.30559,0.524933,0.221005,1.0908
22,40,-0.567232,0.698132,0.174533,0.174533,-0.574261,0.691946,0.170031,0.142072,1.40581,0.346374,0.135067,0.973727,1.30559,0.524933,0.221005,1.0908
22,40,-0.567232,0.698132,0.174533,0.174533,-0.574261,0.691946,0.170031,0.142072,1.40581,0.346374,0.135067,0.973727,1.30559,0.524933,0.221005,1.0908
22,40,-0.567232,0.698132,0.174533,0.174533,-0.574261,0.691946,0.170031,0.142072,1.40581,0.346374,0.135067,0.973727,1.30559,0.524933,0.221005,1.0908
22,40,-0.567232,0.698132,0.174533,0.174533,-0.574261,0.691946,0.169971,0.142107,1.40581,0.346374,0.136838,0.972684,1.30559,0.524933,0.221005,1.0908
22,40,-0.567232,0.698132,0.174533,0.174533,-0.574261,0.691946,0.169971,0.142107,1.40581,0.346374,0.136838,0.972684,1.30559,0.524933,0.221005,1.0908
22,40,-0.567232,0.698132,0.174533,0.174533,-0.574261,0.691946,0.169971,0.142107,1.40581,0.346374,0.136838,0.972684,1.30559,0.524933,0.221005,1.0908
22,40,-0.567232,0.698132,0.174533,0.174533,-0.574261,0.691946,0.169971,0.142107,1.40581,0.346374,0.136838,0.972684,1.30559,0.524933,0.221005,1.0908
22,40,-0.567232,0.698132,0.174533,0.174533,-0.574261,0.691946,0.169971,0.142107,1.40581,0.346374,0.136838,0.972684,1.30559,0.524933,0.221005,1.0908
22,40,-0.567232,0.698132,0.174533,0.174533,-0.574261,0.691946,0.169971,0.142107,1.40581,0.346374,0.136838,0.972684,1.30559,0.524933,0.221005,1.0908
22,40,-0.567232,0.698132,0.174533,0.174533,-0.574261,0.691946,0.169971,0.142107,1.40581,0.346374,0.136838,0.972684,1.30559,0.524933,0.221005,1.0908
22,40,-0.567232,0.698132,0.174533,0.174533,-0.574261,0.691946,0.169971,0.142107,1.40581,0.346374,0.136838,0.972684,1.30559,0.524933,0.221005,1.0908
22,40,-0.567232,0.698132,0.174533,0.174533,-0.574261,0.691946,0.169971,0.142107,1.40581,0.346374,0.136838,0.972684,1.30559,0.524933,0.221005,1.0908
22,40,-0.567232,0.698132,0.174533,0.174533,-0.574261,0.691946,0.169971,0.142107,1.40581,0.346374,0.136838,0.972684,1.30559,0.524933,0.221005,1.0908
22,40,-0.567232,0.698132,0.174533,0.174533,-0.574261,0.691946,0.169971,0.142107,1.40581,0.346374,0.136838,0.972684,1.30559,0.524933,0.221005,1.0908
22,40,-0.567232,0.698132,0.174533,0.174533,-0.574261,0.691946,0.169971,0.142107,1.40581,0.346374,0.136838,0.972684,1.30559,0.524933,0.221005,1.0908
22,40,-0.567232,0.698132,0.174533,0.174533,-0.574261,0.691946,0.169971,0.142107,1.40581,0.346374,0.136838,0.972684,1.30559,0.524933,0.221005,1.0908
22,40,-0.567232,0.698132,0.174533,0.174533,-0.574261,0.691946,0.169971,0.142107,1.40581,0.346374,0.136838,0.972684,1.30559,0.524933,0.221005,1.0908
22,40,-0.567232,0.698132,0.174533,0.174533,-0.574261,0.691946,0.169971,0.142107,1.40581,0.346374,0.136838,0.972684,1.30559,0.524933,0.221005,1.0908
22,40,-0.567232,0.698132,0.174533,0.174533,-0.574261,0.691997,0.169971,0.142107,1.40581,0.343527,0.136838,0.972684,1.30559,0.524933,0.221005,1.0908
22,40,-0.567232,0.698132,0.174533,0.174533,-0.574261,0.691997,0.169971,0.142107,1.40581,0.343527,0.136838,0.972684,1.30559,0.524933,0.221005,1.0908
22,40,-0.567232,0.698132,0.174533,0.174533,-0.574261,0.691997,0.169971,0.142107,1.40581,0.343527,0.136838,0.972684,1.30559,0.524933,0.221005,1.0908
22,40,-0.567232,0.698132,0.174533,0.174533,-0.574261,0.691997,0.169971,0.142107,1.40581,0.343527,0.136838,0.972684,1.30559,0.524933,0.221005,1.0908
22,40,-0.567232,0.698132,0.174533,0.174533,-0.574261,0.691997,0.169971,0.142107,1.40581,0.343527,0.136838,0.972684,1.30559,0.524933,0.221005,1.0908
22,40,-0.567232,0.698132,0.174533,0.174533,-0.574261,0.691997,0.169971,0.142107,1.40581,0.343527,0.136838,0.972684,1.30559,0.524933,0.221005,1.0908
22,40,-0.567232,0.698132,0.174533,0.174533,-0.574261,0.691997,0.169971,0.142107,1.40581,0.343527,0.13684,0.972685,1.30559,0.524933,0.221005,1.0908
22,40,-0.567232,0.698132,0.174533,0.174533,-0.574261,0.691997,0.169971,0.142107,1.40581,0.343527,0.136841,0.972686,1.30559,0.524933,0.221005,1.0908
22,40,-0.567232,0.698132,0.174533,0.174533,-0.574261,0.691997,0.169971,0.142107,1.40581,0.343527,0.136843,0.972687,1.30559,0.524933,0.221005,1.0908
22,40,-0.567232,0.698132,0.174533,0.174533,-0.574261,0.691997,0.169971,0.142107,1.40581,0.343527,0.136844,0.972688,1.30559,0.524933,0.221005,1.0908
22,40,-0.567232,0.698132,0.174533,0.174533,-0.574261,0.691997,0.169971,0.142107,1.40581,0.343527,0.136845,0.972689,1.30559,0.524933,0.221005,1.0908
22,40,-0.567232,0.698132,0.174533,0.174533,-0.574261,0.691997,0.169971,0.142107,1.40581,0.343527,0.136847,0.97269,1.30559,0.524933,0.221005,1.0908
22,40,-0.567232,0.698132,0.174533,0.174533,-0.574261,0.691997,0.169971,0.142107,1.40581,0.343527,0.136848,0.972691,1.30559,0.524933,0.221005,1.0908
22,40,-0.567232,0.698132,0.174533,0.174533,-0.574261,0.691997,0.169971,0.142107,1.40581,0.343527,0.136849,0.972692,1.30559,0.524933,0.221005,1.0908
22,40,-0.567232,0.698132,0.174533,0.174533,-0.574261,0.691997,0.169971,0.142107,1.40581,0.343527,0.13685,0.972693,1.30559,0.524933,0.221005,1.0908
22,40,-0.567232,0.698132,0.174533,0.174533,-0.574261,0.691997,0.169971,0.142107,1.40581,0.343527,0.136852,0.972693,1.30559,0.524933,0.221005,1.0908
22,40,-0.567232,0.698132,0.174533,0.174533,-0.574261,0.691997,0.169971,0.142107,1.40581,0.343527,0.136853,0.972694,1.30559,0.524933,0.221005,1.0908
22,40,-0.567232,0.698132,0.174533,0.174533,-0.574261,0.691997,0.169971,0.142107,1.40581,0.343527,0.136854,0.972695,1.30559,0.524933,0.221005,1.0908
22,40,-0.567232,0.698132,0.174533,0.174533,-0.574261,0.691997,0.169971,0.142107,1.40581,0.343527,0.136855,0.972696,1.30559,0.524933,0.221005,1.0908
22,40,-0.567232,0.698132,0.174533,0.174533,-0.574261,0.691997,0.169971,0.142107,1.40581,0.343527,0.136856,0.972696,1.30559,0.524933,0.221005,1.0908
22,40,-0.567232,0.698132,0.174533,0.174533,-0.574261,0.691997,0.169971,0.142107,1.40581,0.343527,0.136857,0.972697,1.30559,0.524933,0.221005,1.0908
22,40,-0.567232,0.698132,0.174533,0.174533,-0.574261,0.691997,0.169971,0.142107,1.40581,0.343527,0.136858,0.972698,1.30559,0.524933,0.221005,1.0908
22,40,-0.567232,0.698132,0.174533,0.174533,-0.574261,0.691997,0.169971,0.142107,1.40581,0.343527,0.136858,0.972698,1.30559,0.524933,0.221005,1.0908
22,40,-0.567232,0.698132,0.174533,0.174533,-0.574261,0.691997,0.169971,0.142107,1.40581,0.343527,0.136859,0.972699,1.30559,0.524933,0.221005,1.0908
22,40,-0.567232,0.698132,0.174533,0.174533,-0.574261,0.691997,0.169971,0.142107,1.40581,0.343527,0.13686,0.9727,1.30559,0.524933,0.221005,1.0908
22,40,-0.567232,0.698132,0.174533,0.174533,-0.574261,0.691997,0.169971,0.142107,1.40581,0.343527,0.136861,0.9727,1.30559,0.524933,0.221005,1.0908
22,40,-0.567232,0.698132,0.174533,0.174533,-0.574261,0.691997,0.169971,0.142107,1.40581,0.343527,0.136862,0.972701,1.30559,0.524933,0.221005,1.0908
22,40,-0.567232,0.698132,0.174533,0.174533,-0.574261,0.691997,0.169971,0.142107,1.40581,0.343527,0.136863,0.972701,1.30559,0.524933,0.221005,1.0908
22,40,-0.567232,0.698132,0.174533,0.174533,-0.574261,0.691997,0.169971,0.142107,1.40581,0.343527,0.136863,0.972702,1.30559,0.524933,0.221005,1.0908
22,40,-0.567232,0.698132,0.174533,0.174533,-0.574261,0.691997,0.169971,0.142107,1.40581,0.343527,0.136864,0.972702,1.30559,0.524933,0.221005,1.0908
22,40,-0.567232,0.698132,0.174533,0.174533,-0.574261,0.691997,0.169971,0.142107,1.40581,0.343527,0.136865,0.972703,1.30559,0.524933,0.221005,1.0908
22,40,-0.567232,0.698132,0.174533,0.174533,-0.574261,0.691997,0.169971,0.142107,1.40581,0.343527,0.136866,0.972703,1.30559,0.524933,0.221005,1.0908
22,40,-0.567232,0.698132,0.174533,0.174533,-0.574261,0.691997,0.169971,0.142107,1.40581,0.343527,0.136866,0.972704,1.30559,0.524933,0.221005,1.0908
22,40,-0.567232,0.698132,0.174533,0.174533,-0.574261,0.691997,0.169912,0.142142,1.40581,0.343527,0.138572,0.9717,1.30559,0.524933,0.221005,1.0908
22,40,-0.567232,0.698132,0.174533,0.174533,-0.574261,0.691997,0.169912,0.142142,1.40581,0.343527,0.138573,0.971701,1.30559,0.524933,0.221005,1.0908
22,40,-0.567232,0.698132,0.174533,0.174533,-0.574261,0.691997,0.169912,0.142142,1.40581,0.343527,0.138573,0.971701,1.30559,0.524933,0.221005,1.0908
22,40,-0.567232,0.698132,0.174533,0.174533,-0.574261,0.691997,0.169912,0.142142,1.40581,0.343527,0.138574,0.971701,1.30559,0.524933,0.221005,1.0908
22,40,-0.567232,0.698132,0.174533,0.174533,-0.574261,0.691997,0.169912,0.142142,1.40581,0.343527,0.138574,0.971702,1.30559,0.524933,0.221005,1.0908
22,40,-0.567232,0.698132,0.174533,0.174533,-0.574261,0.691997,0.169912,0.142142,1.40581,0.343527,0.138575,0.971702,1.30559,0.524933,0.221005,1.0908
22,40,-0.567232,0.698132,0.174533,0.174533,-0.574261,0.691997,0.169912,0.142142,1.40581,0.343527,0.138576,0.971703,1.30559,0.524933,0.221005,1.0908
22,40,-0.567232,0.698132,0.174533,0.174533,-0.574261,0.691997,0.169912,0.142142,1.40581,0.343527,0.138576,0.971703,1.30559,0.524933,0.221005,1.0908
22,40,-0.567232,0.698132,0.174533,0.174533,-0.574261,0.691997,0.169912,0.142142,1.40581,0.343527,0.138622,0.971735,1.30559,0.524933,0.221005,1.0908
22,40,-0.567232,0.698132,0.174533,0.174533,-0.574261,0.691997,0.16996,0.142175,1.40581,0.343527,0.137188,0.970739,1.30559,0.524933,0.221005,1.0908
22,40,-0.567232,0.698132,0.174533,0.174533,-0.574261,0.691997,0.16996,0.142175,1.40581,0.343527,0.137188,0.970739,1.30559,0.524933,0.221005,1.0908
22,40,-0.567232,0.698132,0.174533,0.174533,-0.574261,0.691997,0.16996,0.142175,1.40581,0.343527,0.137188,0.970739,1.30559,0.524933,0.221005,1.0908
22,40,-0.567232,0.698132,0.174533,0.174533,-0.574261,0.691997,0.16996,0.142175,1.40581,0.343527,0.137188,0.970739,1.30559,0.524933,0.221005,1.0908
22,40,-0.567232,0.698132,0.174533,0.174533,-0.574261,0.691997,0.16996,0.142175,1.40581,0.343527,0.137188,0.970739,1.30559,0.524933,0.221005,1.0908
22,40,-0.567232,0.698132,0.174533,0.174533,-0.574261,0.691997,0.16996,0.142175,1.40581,0.343527,0.137188,0.970739,1.30559,0.524933,0.221005,1.0908
22,40,-0.567232,0.698132,0.174533,0.174533,-0.574261,0.691997,0.16996,0.142175,1.40581,0.343527,0.137188,0.970739,1.30559,0.524933,0.221005,1.0908
22,40,-0.567232,0.698132,0.174533,0.174533,-0.574261,0.691997,0.16996,0.142175,1.40581,0.343527,0.137188,0.970739,1.30559,0.524933,0.221005,1.0908
22,40,-0.567232,0.698132,0.174533,0.174533,-0.574261,0.691997,0.16996,0.142175,1.40581,0.343527,0.137188,0.970739,1.30559,0.524933,0.221005,1.0908
22,40,-0.567232,0.698132,0.174533,0.174533,-0.574261,0.691997,0.16996,0.142175,1.40581,0.343527,0.137188,0.970739,1.30559,0.524933,0.221005,1.0908
22,40,-0.567232,0.698132,0.174533,0.174533,-0.574261,0.691997,0.16996,0.142175,1.40581,0.343527,0.137188,0.970739,1.30559,0.524933,0.221005,1.0908
22,40,-0.567232,0.698132,0.174533,0.174533,-0.574261,0.691997,0.16996,0.142175,1.40581,0.343527,0.137188,0.970739,1.30559,0.524933,0.221005,1.0908
22,40,-0.567232,0.698132,0.174533,0.174533,-0.574261,0.691997,0.16996,0.142175,1.40581,0.343527,0.137188,0.970739,1.30559,0.524933,0.221005,1.0908
22,40,-0.567232,0.698132,0.174533,0.174533,-0.574261,0.691997,0.16996,0.142175,1.40581,0.343527,0.137188,0.970739,1.30559,0.524933,0.221005,1.0908
22,40,-0.567232,0.698132,0.174533,0.174533,-0.574261,0.691997,0.16996,0.142175,1.40581,0.343527,0.137188,0.970739,1.30559,0.524933,0.221005,1.0908
22,40,-0.567232,0.698132,0.174533,0.174533,-0.574261,0.691997,0.16996,0.142175,1.40581,0.343527,0.137188,0.970739,1.30559,0.524933,0.221005,1.0908
22,40,-0.567232,0.698132,0.174533,0.174533,-0.574261,0.691997,0.16996,0.142175,1.40581,0.343527,0.137188,0.970739,1.30559,0.524933,0.221005,1.0908
22,40,-0.567232,0.698132,0.174533,0.174533,-0.574261,0.691997,0.16996,0.142175,1.40581,0.343527,0.137188,0.970739,1.30559,0.524933,0.221005,1.0908
22,40,-0.567232,0.698132,0.174533,0.174533,-0.574261,0.691997,0.16996,0.142175,1.40581,0.343527,0.137188,0.970739,1.30559,0.524933,0.221005,1.0908
22,40,-0.567232,0.698132,0.174533,0.174533,-0.574261,0.691997,0.16996,0.142175,1.40581,0.343527,0.137188,0.970739,1.30559,0.524933,0.221005,1.0908
22,40,-0.567232,0.698132,0.174533,0.174533,-0.574261,0.691997,0.16996,0.142175,1.40581,0.343527,0.137188,0.970739,1.30559,0.524933,0.221005,1.0908
22,40,-0.567232,0.698132,0.174533,0.174533,-0.574261,0.691997,0.16996,0.142175,1.40581,0.343527,0.137188,0.970739,1.30559,0.524933,0.221005,1.0908
22,40,-0.567232,0.698132,0.174533,0.174533,-0.574261,0.691997,0.16996,0.142175,1.40581,0.343527,0.137188,0.970739,1.30559,0.524933,0.221005,1.0908
22,40,-0.567232,0.698132,0.174533,0.174533,-0.574261,0.691997,0.16996,0.142175,1.40581,0.343527,0.137188,0.970739,1.30559,0.524933,0.221005,1.0908
22,40,-0.567232,0.698132,0.174533,0.174533,-0.574261,0.691997,0.16996,0.142175,1.40581,0.343527,0.137188,0.970739,1.30559,0.524933,0.221005,1.0908
22,40,-0.567232,0.698132,0.174533,0.174533,-0.574261,0.691997,0.16996,0.142175,1.40581,0.343527,0.137188,0.970739,1.30559,0.524933,0.221005,1.0908
22,40,-0.567232,0.698132,0.174533,0.174533,-0.574261,0.691997,0.16996,0.142175,1.40581,0.343527,0.137188,0.970739,1.30559,0.524933,0.221005,1.0908
22,40,-0.567232,0.698132,0.174533,0.174533,-0.574261,0.691997,0.16996,0.142175,1.40581,0.343527,0.137188,0.970739,1.30559,0.524933,0.221005,1.0908
22,40,-0.567232,0.698132,0.174533,0.174533,-0.574261,0.691997,0.16996,0.142175,1.40581,0.343527,0.137188,0.970739,1.30559,0.524933,0.221005,1.0908
22,40,-0.567232,0.698132,0.174533,0.174533,-0.574261,0.691997,0.16996,0.142175,1.40581,0.343527,0.137188,0.970739,1.30559,0.524933,0.221005,1.0908
22,40,-0.567232,0.698132,0.174533,0.174533,-0.574261,0.691997,0.16996,0.142175,1.40581,0.343527,0.137188,0.970739,1.30559,0.524933,0.221005,1.0908
22,40,-0.567232,0.698132,0.174533,0.174533,-0.574261,0.691997,0.16996,0.142175,1.40581,0.343527,0.137188,0.970739,1.30559,0.524933,0.221005,1.0908
22,40,-0.567232,0.698132,0.174533,0.174533,-0.574261,0.691997,0.16996,0.142175,1.40581,0.343527,0.137188,0.970739,1.30559,0.524933,0.221005,1.0908
22,40,-0.567232,0.698132,0.174533,0.174533,-0.574261,0.691997,0.16996,0.142175,1.40581,0.343527,0.137188,0.970739,1.30559,0.524933,0.221005,1.0908
22,40,-0.567232,0.698132,0.174533,0.174533,-0.574261,0.691997,0.16996,0.142175,1.40581,0.343527,0.137188,0.970739,1.30559,0.524933,0.221005,1.0908
22,40,-0.567232,0.698132,0.174533,0.174533,-0.574261,0.691997,0.16996,0.142175,1.40581,0.343527,0.137188,0.970739,1.30559,0.524933,0.221005,1.0908
22,40,-0.567232,0.698132,0.174533,0.174533,-0.574261,0.691997,0.16996,0.142175,1.40581,0.343527,0.137188,0.970739,1.30559,0.524933,0.221005,1.0908
22,40,-0.567232,0.698132,0.174533,0.174533,-0.574261,0.691997,0.16996,0.142175,1.40581,0.343527,0.137188,0.970739,1.30559,0.524933,0.221005,1.0908
22,40,-0.567232,0.698132,0.174533,0.174533,-0.574261,0.691997,0.16996,0.142175,1.40581,0.343527,0.137188,0.970739,1.30559,0.524933,0.221005,1.0908
22,40,-0.567232,0.698132,0.174533,0.174533,-0.574261,0.691997,0.16996,0.142175,1.40581,0.343527,0.137188,0.970739,1.30559,0.524933,0.221005,1.0908
22,40,-0.567232,0.698132,0.174533,0.174533,-0.574261,0.691997,0.16996,0.142175,1.40581,0.343527,0.137188,0.970739,1.30559,0.524933,0.221005,1.0908
22,40,-0.567232,0.698132,0.174533,0.174533,-0.574261,0.691997,0.16996,0.142175,1.40581,0.343527,0.137188,0.970739,1.30559,0.524933,0.221005,1.0908
22,40,-0.567232,0.698132,0.174533,0.174533,-0.574261,0.691997,0.16996,0.142175,1.40581,0.343527,0.137188,0.970739,1.30559,0.524933,0.221005,1.0908
22,40,-0.567232,0.698132,0.174533,0.174533,-0.574261,0.691997,0.16996,0.142175,1.40581,0.343527,0.137188,0.970739,1.30559,0.524933,0.221005,1.0908
22,40,-0.567232,0.698132,0.174533,0.174533,-0.574261,0.691997,0.16996,0.142175,1.40581,0.343527,0.137188,0.970739,1.30559,0.524933,0.221005,1.0908
22,40,-0.567232,0.698132,0.174533,0.174533,-0.574261,0.691997,0.16996,0.142175,1.40581,0.343527,0.137188,0.970739,1.30559,0.524933,0.221005,1.0908
22,40,-0.567232,0.698132,0.174533,0.174533,-0.574261,0.691997,0.16996,0.142175,1.40581,0.343527,0.137188,0.970739,1.30559,0.524933,0.221005,1.0908
22,40,-0.567232,0.698132,0.174533,0.174533,-0.574261,0.691997,0.16996,0.142175,1.40581,0.343527,0.137188,0.970739,1.30559,0.524933,0.221005,1.0908
22,40,-0.567232,0.698132,0.174533,0.174533,-0.574261,0.691997,0.16996,0.142175,1.40581,0.343527,0.137188,0.970739,1.30559,0.524933,0.221005,1.0908
22,40,-0.567232,0.698132,0.174533,0.174533,-0.574261,0.691997,0.16996,0.142175,1.40581,0.343527,0.137188,0.970739,1.30559,0.524933,0.221005,1.0908
22,40,-0.567232,0.698132,0.174533,0.174533,-0.574261,0.691997,0.16996,0.142175,1.40581,0.343527,0.137188,0.970739,1.30559,0.524933,0.221005,1.0908
22,40,-0.567232,0.698132,0.174533,0.174533,-0.574261,0.691997,0.16996,0.142175,1.40581,0.343527,0.137188,0.970739,1.30559,0.524933,0.221005,1.0908
22,40,-0.567232,0.698132,0.174533,0.174533,-0.574261,0.691997,0.16996,0.142175,1.40581,0.343527,0.137188,0.970739,1.30559,0.524933,0.221005,1.0908
22,40,-0.567232,0.698132,0.174533,0.174533,-0.574261,0.691997,0.16996,0.142175,1.40581,0.343527,0.137188,0.970739,1.30559,0.524933,0.221005,1.0908
22,40,-0.567232,0.698132,0.174533,0.174533,-0.574261,0.691997,0.16996,0.142175,1.40581,0.343527,0.137188,0.970739,1.30559,0.524933,0.221005,1.0908
22,40,-0.567232,0.698132,0.174533,0.174533,-0.574261,0.691997,0.16996,0.142175,1.40581,0.343527,0.137188,0.970739,1.30559,0.524933,0.221005,1.0908
22,40,-0.567232,0.698132,0.174533,0.174533,-0.574261,0.691997,0.16996,0.142175,1.40581,0.343527,0.137188,0.970739,1.30559,0.524933,0.221005,1.0908
22,40,-0.567232,0.698132,0.174533,0.174533,-0.574261,0.691997,0.16996,0.142175,1.40581,0.343527,0.137188,0.970739,1.30559,0.524933,0.221005,1.0908
22,40,-0.567232,0.698132,0.174533,0.174533,-0.574261,0.691997,0.16996,0.142175,1.40581,0.343527,0.137188,0.970739,1.30559,0.524933,0.221005,1.0908
22,40,-0.567232,0.698132,0.174533,0.174533,-0.574261,0.691997,0.16996,0.142175,1.40581,0.343527,0.137188,0.970739,1.30559,0.524933,0.221005,1.0908
22,40,-0.567232,0.698132,0.174533,0.174533,-0.574261,0.691997,0.16996,0.142175,1.40581,0.343527,0.137188,0.970739,1.30559,0.524933,0.221005,1.0908
22,40,-0.567232,0.698132,0.174533,0.174533,-0.574261,0.691997,0.16996,0.142175,1.40581,0.343527,0.137188,0.970739,1.30559,0.524933,0.221005,1.0908
22,40,-0.567232,0.698132,0.174533,0.174533,-0.574261,0.691997,0.16996,0.142175,1.40581,0.343527,0.137188,0.970739,1.30559,0.524933,0.221005,1.0908
22,40,-0.567232,0.698132,0.174533,0.174533,-0.574261,0.691997,0.16996,0.142175,1.40581,0.343527,0.137188,0.970739,1.30559,0.524933,0.221005,1.0908
22,40,-0.567232,0.698132,0.174533,0.174533,-0.574261,0.691997,0.16996,0.142175,1.40581,0.343527,0.137188,0.970739,1.30559,0.524933,0.221005,1.0908
22,40,-0.567232,0.698132,0.174533,0.174533,-0.574261,0.691997,0.16996,0.142175,1.40581,0.343527,0.137188,0.970739,1.30559,0.524933,0.221005,1.0908
22,40,-0.567232,0.698132,0.174533,0.174533,-0.574261,0.691997,0.16996,0.142175,1.40581,0.343527,0.137188,0.970739,1.30559,0.524933,0.221005,1.0908
22,40,-0.567232,0.698132,0.174533,0.174533,-0.574261,0.691997,0.16996,0.142175,1.40581,0.343527,0.137188,0.970739,1.30559,0.524933,0.221005,1.0908
22,40,-0.567232,0.698132,0.174533,0.174533,-0.574261,0.691997,0.16996,0.142175,1.40581,0.343527,0.137188,0.970739,1.30559,0.524933,0.221005,1.0908
22,40,-0.567232,0.698132,0.174533,0.174533,-0.574261,0.691997,0.16996,0.142175,1.40581,0.343527,0.137188,0.970739,1.30559,0.524933,0.221005,1.0908
22,40,-0.567232,0.698132,0.174533,0.174533,-0.574261,0.691997,0.16996,0.142175,1.40581,0.343527,0.137188,0.970739,1.30559,0.524933,0.221005,1.0908
22,40,-0.567232,0.698132,0.174533,0.174533,-0.574261,0.691997,0.16996,0.142175,1.40581,0.343527,0.137188,0.970739,1.30559,0.524933,0.221005,1.0908
22,40,-0.567232,0.698132,0.174533,0.174533,-0.574261,0.691997,0.16996,0.142175,1.40581,0.343527,0.137188,0.970739,1.30559,0.524933,0.221005,1.0908
22,40,-0.567232,0.698132,0.174533,0.174533,-0.574261,0.691997,0.16996,0.142175,1.40581,0.343527,0.137188,0.970739,1.30559,0.524933,0.221005,1.0908
22,40,-0.567232,0.698132,0.174533,0.174533,-0.574261,0.691997,0.16996,0.142175,1.40581,0.343527,0.137188,0.970739,1.30559,0.524933,0.221005,1.0908
22,40,-0.567232,0.698132,0.174533,0.174533,-0.574261,0.691997,0.16996,0.142175,1.40581,0.343527,0.137188,0.970739,1.30559,0.524933,0.221005,1.0908
22,40,-0.567232,0.698132,0.174533,0.174533,-0.574261,0.691997,0.16996,0.142175,1.40581,0.343527,0.137188,0.970739,1.30559,0.524933,0.221005,1.0908
22,40,-0.567232,0.698132,0.174533,0.174533,-0.574261,0.691997,0.16996,0.142175,1.40581,0.343527,0.137188,0.970739,1.30559,0.524933,0.221005,1.0908
22,40,-0.567232,0.698132,0.174533,0.174533,-0.574261,0.691997,0.16996,0.142175,1.40581,0.343527,0.137188,0.970739,1.30559,0.524933,0.221005,1.0908
22,40,-0.567232,0.698132,0.174533,0.174533,-0.574261,0.691997,0.16996,0.142175,1.40581,0.343527,0.137188,0.970739,1.30559,0.524933,0.221005,1.0908
22,40,-0.567232,0.698132,0.174533,0.174533,-0.574261,0.691997,0.16996,0.142175,1.40581,0.343527,0.137188,0.970739,1.30559,0.524933,0.221005,1.0908
22,40,-0.567232,0.698132,0.174533,0.174533,-0.574261,0.691997,0.16996,0.142175,1.40581,0.343527,0.137188,0.970739,1.30559,0.524933,0.221005,1.0908
22,40,-0.567232,0.698132,0.174533,0.174533,-0.574261,0.691997,0.16996,0.142175,1.40581,0.343527,0.137188,0.970739,1.30559,0.524933,0.221005,1.0908
22,40,-0.567232,0.698132,0.174533,0.174533,-0.574261,0.691997,0.169901,0.14221,1.40581,0.343527,0.138966,0.969692,1.30559,0.524933,0.221005,1.0908
22,40,-0.567232,0.698132,0.174533,0.174533,-0.574261,0.691997,0.169901,0.14221,1.40581,0.343527,0.138966,0.969692,1.30559,0.524933,0.221005,1.0908
22,40,-0.567232,0.698132,0.174533,0.174533,-0.574261,0.691997,0.169901,0.14221,1.40581,0.343527,0.138966,0.969692,1.30559,0.524933,0.221005,1.0908
22,40,-0.567232,0.698132,0.174533,0.174533,-0.574261,0.691997,0.169901,0.14221,1.40581,0.343527,0.138966,0.969692,1.30559,0.524933,0.221005,1.0908
22,40,-0.567232,0.698132,0.174533,0.174533,-0.574261,0.691997,0.169901,0.14221,1.40581,0.343527,0.138966,0.969692,1.30559,0.524933,0.221005,1.0908
22,40,-0.567232,0.698132,0.174533,0.174533,-0.574261,0.691997,0.169901,0.14221,1.40581,0.343527,0.138966,0.969692,1.30559,0.524933,0.221005,1.0908
22,40,-0.567232,0.698132,0.174533,0.174533,-0.574261,0.691997,0.169901,0.14221,1.40581,0.343527,0.138966,0.969692,1.30559,0.524933,0.221005,1.0908
22,40,-0.567232,0.698132,0.174533,0.174533,-0.574261,0.691997,0.169901,0.14221,1.40581,0.343527,0.138966,0.969692,1.30559,0.524933,0.221005,1.0908
22,40,-0.567232,0.698132,0.174533,0.174533,-0.574261,0.691997,0.169901,0.14221,1.40581,0.343527,0.138966,0.969692,1.30559,0.524933,0.221005,1.0908
22,40,-0.567232,0.698132,0.174533,0.174533,-0.574261,0.691997,0.169901,0.14221,1.40581,0.343527,0.138966,0.969692,1.30559,0.524933,0.221005,1.0908
22,40,-0.567232,0.698132,0.174533,0.174533,-0.574261,0.691997,0.169901,0.14221,1.40581,0.343527,0.138966,0.969692,1.30559,0.524933,0.221005,1.0908
22,40,-0.567232,0.698132,0.174533,0.174533,-0.574261,0.691997,0.169901,0.14221,1.40581,0.343527,0.138966,0.969692,1.30559,0.524933,0.221005,1.0908
22,40,-0.567232,0.698132,0.174533,0.174533,-0.574261,0.691997,0.169901,0.14221,1.40581,0.343527,0.138966,0.969692,1.30559,0.524933,0.221005,1.0908
22,40,-0.567232,0.698132,0.174533,0.174533,-0.574261,0.691997,0.169901,0.14221,1.40581,0.343527,0.138966,0.969692,1.30559,0.524933,0.221005,1.0908
22,40,-0.567232,0.698132,0.174533,0.174533,-0.574261,0.691997,0.169901,0.14221,1.40581,0.343527,0.138966,0.969692,1.30559,0.524933,0.221005,1.0908
22,40,-0.567232,0.698132,0.174533,0.174533,-0.574261,0.691997,0.169901,0.14221,1.40581,0.343527,0.138966,0.969692,1.30559,0.524933,0.221005,1.0908
22,40,-0.567232,0.698132,0.174533,0.174533,-0.574261,0.691997,0.169901,0.14221,1.40581,0.343527,0.138966,0.969692,1.30559,0.524933,0.221005,1.0908
22,40,-0.567232,0.698132,0.174533,0.174533,-0.574261,0.691997,0.169901,0.14221,1.40581,0.343527,0.138966,0.969692,1.30559,0.524933,0.221005,1.0908
22,40,-0.567232,0.698132,0.174533,0.174533,-0.574261,0.691997,0.169901,0.14221,1.40581,0.343527,0.138966,0.969692,1.30559,0.524933,0.221005,1.0908
22,40,-0.567232,0.698132,0.174533,0.174533,-0.574261,0.691997,0.169901,0.14221,1.40581,0.343527,0.138966,0.969692,1.30559,0.524933,0.221005,1.0908
22,40,-0.567232,0.698132,0.174533,0.174533,-0.574261,0.691997,0.169901,0.14221,1.40581,0.343527,0.138966,0.969692,1.30559,0.524933,0.221005,1.0908
22,40,-0.567232,0.698132,0.174533,0.174533,-0.574261,0.691997,0.169901,0.14221,1.40581,0.343527,0.138966,0.969692,1.30559,0.524933,0.221005,1.0908
22,40,-0.567232,0.698132,0.174533,0.174533,-0.574261,0.691997,0.169901,0.14221,1.40581,0.343527,0.138966,0.969692,1.30559,0.524933,0.221005,1.0908
22,40,-0.567232,0.698132,0.174533,0.174533,-0.574261,0.691997,0.169901,0.14221,1.40581,0.343527,0.138966,0.969692,1.30559,0.524933,0.221005,1.0908
22,40,-0.567232,0.698132,0.174533,0.174533,-0.574261,0.691997,0.169901,0.14221,1.40581,0.343527,0.138966,0.969692,1.30559,0.524933,0.221005,1.0908
22,40,-0.567232,0.698132,0.174533,0.174533,-0.574261,0.691997,0.169901,0.14221,1.40581,0.343527,0.138966,0.969692,1.30559,0.524933,0.221005,1.0908
22,40,-0.567232,0.698132,0.174533,0.174533,-0.574261,0.691997,0.169901,0.14221,1.40581,0.343527,0.138966,0.969692,1.30559,0.524933,0.221005,1.0908
22,40,-0.567232,0.698132,0.174533,0.174533,-0.574261,0.691997,0.169901,0.14221,1.40581,0.343527,0.138966,0.969692,1.30559,0.524933,0.221005,1.0908
22,40,-0.567232,0.698132,0.174533,0.174533,-0.574261,0.691997,0.169901,0.14221,1.40581,0.343527,0.138966,0.969692,1.30559,0.524933,0.221005,1.0908
22,40,-0.567232,0.698132,0.174533,0.174533,-0.574261,0.691997,0.169901,0.14221,1.40581,0.343527,0.138966,0.969692,1.30559,0.524933,0.221005,1.0908
22,40,-0.567232,0.698132,0.174533,0.174533,-0.574261,0.691997,0.169901,0.14221,1.40581,0.343527,0.138966,0.969692,1.30559,0.524933,0.221005,1.0908
22,40,-0.567232,0.698132,0.174533,0.174533,-0.574261,0.691997,0.169901,0.14221,1.40581,0.343527,0.138966,0.969692,1.30559,0.524933,0.221005,1.0908
22,40,-0.567232,0.698132,0.174533,0.174533,-0.574261,0.691997,0.169901,0.14221,1.40581,0.343527,0.138966,0.969692,1.30559,0.524933,0.221005,1.0908
22,40,-0.567232,0.698132,0.174533,0.174533,-0.574261,0.691997,0.169901,0.14221,1.40581,0.343527,0.138966,0.969692,1.30559,0.524933,0.221005,1.0908
22,40,-0.567232,0.698132,0.174533,0.174533,-0.574261,0.691997,0.169901,0.14221,1.40581,0.343527,0.138966,0.969692,1.30559,0.524933,0.221005,1.0908
22,40,-0.567232,0.698132,0.174533,0.174533,-0.574261,0.691997,0.169901,0.14221,1.40581,0.343527,0.138966,0.969692,1.30559,0.524933,0.221005,1.0908
22,40,-0.567232,0.698132,0.174533,0.174533,-0.574261,0.691997,0.169901,0.14221,1.40581,0.343527,0.138966,0.969692,1.30559,0.524933,0.221005,1.0908
22,40,-0.567232,0.698132,0.174533,0.174533,-0.574261,0.691997,0.169901,0.14221,1.40581,0.343527,0.138966,0.969692,1.30559,0.524933,0.221005,1.0908
22,40,-0.567232,0.698132,0.174533,0.174533,-0.574261,0.691997,0.169901,0.14221,1.40581,0.343527,0.138966,0.969692,1.30559,0.524933,0.221005,1.0908
22,40,-0.567232,0.698132,0.174533,0.174533,-0.574261,0.691997,0.169901,0.14221,1.40581,0.343527,0.138966,0.969692,1.30559,0.524933,0.221005,1.0908
22,40,-0.567232,0.698132,0.174533,0.174533,-0.574261,0.691997,0.169901,0.14221,1.40581,0.343527,0.138966,0.969692,1.30559,0.524933,0.221005,1.0908
22,40,-0.567232,0.698132,0.174533,0.174533,-0.574261,0.691997,0.169901,0.14221,1.40581,0.343527,0.138966,0.969692,1.30559,0.524933,0.221005,1.0908
22,40,-0.567232,0.698132,0.174533,0.174533,-0.574261,0.691997,0.169901,0.14221,1.40581,0.343527,0.138966,0.969692,1.30559,0.524933,0.221005,1.0908
22,40,-0.567232,0.698132,0.174533,0.174533,-0.574261,0.691997,0.169901,0.14221,1.40581,0.343527,0.138966,0.969692,1.30559,0.524933,0.221005,1.0908
22,40,-0.567232,0.698132,0.174533,0.174533,-0.574261,0.691997,0.169901,0.14221,1.40581,0.343527,0.138966,0.969692,1.30559,0.524933,0.221005,1.0908
22,40,-0.567232,0.698132,0.174533,0.174533,-0.574261,0.691997,0.169901,0.14221,1.40581,0.343527,0.138966,0.969692,1.30559,0.524933,0.221005,1.0908
22,40,-0.567232,0.698132,0.174533,0.174533,-0.574261,0.691997,0.169949,0.142243,1.40581,0.343527,0.137532,0.968697,1.30559,0.524933,0.221005,1.0908
22,40,-0.567232,0.698132,0.174533,0.174533,-0.574261,0.691997,0.169949,0.142243,1.40581,0.343527,0.137532,0.968697,1.30559,0.524933,0.221005,1.0908
22,40,-0.567232,0.698132,0.174533,0.174533,-0.574261,0.691997,0.169949,0.142243,1.40581,0.343527,0.137532,0.968697,1.30559,0.524933,0.221005,1.0908
22,40,-0.567232,0.698132,0.174533,0.174533,-0.574261,0.691997,0.169949,0.142243,1.40581,0.343527,0.137532,0.968697,1.30559,0.524933,0.221005,1.0908
22,40,-0.567232,0.698132,0.174533,0.174533,-0.574261,0.691997,0.169889,0.142278,1.40581,0.343527,0.13931,0.96765,1.30559,0.524933,0.221005,1.0908
22,40,-0.567232,0.698132,0.174533,0.174533,-0.574261,0.691997,0.169889,0.142278,1.40581,0.343527,0.13931,0.96765,1.30559,0.524933,0.221005,1.0908
22,40,-0.567232,0.698132,0.174533,0.174533,-0.574261,0.691997,0.169889,0.142278,1.40581,0.343527,0.13931,0.96765,1.30559,0.524933,0.221005,1.0908
22,40,-0.567232,0.698132,0.174533,0.174533,-0.574261,0.691997,0.169889,0.142278,1.40581,0.343527,0.13931,0.96765,1.30559,0.524933,0.221005,1.0908
22,40,-0.567232,0.698132,0.174533,0.174533,-0.574261,0.691997,0.169889,0.142278,1.40581,0.343527,0.13931,0.96765,1.30559,0.524933,0.221005,1.0908
22,40,-0.567232,0.698132,0.174533,0.174533,-0.574261,0.691997,0.169889,0.142278,1.40581,0.343527,0.13931,0.96765,1.30559,0.524933,0.221005,1.0908
22,40,-0.567232,0.698132,0.174533,0.174533,-0.574261,0.691997,0.169889,0.142278,1.40581,0.343527,0.13931,0.96765,1.30559,0.524933,0.221005,1.0908
22,40,-0.567232,0.698132,0.174533,0.174533,-0.574261,0.691997,0.169889,0.142278,1.40581,0.343527,0.13931,0.96765,1.30559,0.524933,0.221005,1.0908
22,40,-0.567232,0.698132,0.174533,0.174533,-0.574261,0.691997,0.169889,0.142278,1.40581,0.343527,0.13931,0.96765,1.30559,0.524933,0.221005,1.0908
22,40,-0.567232,0.698132,0.174533,0.174533,-0.574261,0.691997,0.169889,0.142278,1.40581,0.343527,0.13931,0.96765,1.30559,0.524933,0.221005,1.0908
22,40,-0.567232,0.698132,0.174533,0.174533,-0.574261,0.691997,0.169889,0.142278,1.40581,0.343527,0.13931,0.96765,1.30559,0.524933,0.221005,1.0908
22,40,-0.567232,0.698132,0.174533,0.174533,-0.574261,0.691997,0.169889,0.142278,1.40581,0.343527,0.13931,0.96765,1.30559,0.524933,0.221005,1.0908
22,40,-0.567232,0.698132,0.174533,0.174533,-0.574261,0.691997,0.169889,0.142278,1.40581,0.343527,0.13931,0.96765,1.30559,0.524933,0.221005,1.0908
22,40,-0.567232,0.698132,0.174533,0.174533,-0.574261,0.691997,0.169889,0.142278,1.40581,0.343527,0.13931,0.96765,1.30559,0.524933,0.221005,1.0908
22,40,-0.567232,0.698132,0.174533,0.174533,-0.574261,0.691997,0.169889,0.142278,1.40581,0.343527,0.13931,0.96765,1.30559,0.524933,0.221005,1.0908
22,40,-0.567232,0.698132,0.174533,0.174533,-0.574261,0.691997,0.169889,0.142278,1.40581,0.343527,0.13931,0.96765,1.30559,0.524933,0.221005,1.0908
22,40,-0.567232,0.698132,0.174533,0.174533,-0.574261,0.691997,0.169889,0.142278,1.40581,0.343527,0.13931,0.96765,1.30559,0.524933,0.221005,1.0908
22,40,-0.567232,0.698132,0.174533,0.174533,-0.574261,0.691997,0.169889,0.142278,1.40581,0.343527,0.13931,0.96765,1.30559,0.524933,0.221005,1.0908
22,40,-0.567232,0.698132,0.174533,0.174533,-0.574261,0.691997,0.169889,0.142278,1.40581,0.343527,0.13931,0.96765,1.30559,0.524933,0.221005,1.0908
22,40,-0.567232,0.698132,0.174533,0.174533,-0.574261,0.691997,0.16983,0.142313,1.40581,0.343527,0.141087,0.966603,1.30559,0.524933,0.221005,1.0908
22,40,-0.567232,0.698132,0.174533,0.174533,-0.574261,0.691997,0.16983,0.142313,1.40581,0.343527,0.141087,0.966603,1.30559,0.524933,0.221005,1.0908
22,40,-0.567232,0.698132,0.174533,0.174533,-0.574261,0.691997,0.16983,0.142313,1.40581,0.343527,0.141087,0.966603,1.30559,0.524933,0.221005,1.0908
22,40,-0.567232,0.698132,0.174533,0.174533,-0.574261,0.691997,0.16983,0.142313,1.40581,0.343527,0.141087,0.966603,1.30559,0.524933,0.221005,1.0908
22,40,-0.567232,0.698132,0.174533,0.174533,-0.574261,0.691997,0.16983,0.142313,1.40581,0.343527,0.141087,0.966603,1.30559,0.524933,0.221005,1.0908
22,40,-0.567232,0.698132,0.174533,0.174533,-0.574261,0.691997,0.16983,0.142313,1.40581,0.343527,0.141087,0.966603,1.30559,0.524933,0.221005,1.0908
22,40,-0.567232,0.698132,0.174533,0.174533,-0.574261,0.691997,0.16983,0.142313,1.40581,0.343527,0.141087,0.966603,1.30559,0.524933,0.221005,1.0908
22,40,-0.567232,0.698132,0.174533,0.174533,-0.574261,0.691997,0.16983,0.142313,1.40581,0.343527,0.141087,0.966603,1.30559,0.524933,0.221005,1.0908
22,40,-0.567232,0.698132,0.174533,0.174533,-0.574261,0.691997,0.16983,0.142313,1.40581,0.343527,0.141087,0.966603,1.30559,0.524933,0.221005,1.0908
22,40,-0.567232,0.698132,0.174533,0.174533,-0.574261,0.691997,0.16983,0.142313,1.40581,0.343527,0.141087,0.966603,1.30559,0.524933,0.221005,1.0908
22,40,-0.567232,0.698132,0.174533,0.174533,-0.574261,0.691997,0.16983,0.142313,1.40581,0.343527,0.141087,0.966603,1.30559,0.524933,0.221005,1.0908
22,40,-0.567232,0.698132,0.174533,0.174533,-0.574261,0.691997,0.16983,0.142313,1.40581,0.343527,0.141087,0.966603,1.30559,0.524933,0.221005,1.0908
22,40,-0.567232,0.698132,0.174533,0.174533,-0.574261,0.691997,0.16983,0.142313,1.40581,0.343527,0.141087,0.966603,1.30559,0.524933,0.221005,1.0908
22,40,-0.567232,0.698132,0.174533,0.174533,-0.574261,0.691997,0.16983,0.142313,1.40581,0.343527,0.141087,0.966603,1.30559,0.524933,0.221005,1.0908
22,40,-0.567232,0.698132,0.174533,0.174533,-0.574261,0.691997,0.16983,0.142313,1.40581,0.343527,0.141087,0.966603,1.30559,0.524933,0.221005,1.0908
22,40,-0.567232,0.698132,0.174533,0.174533,-0.574261,0.691997,0.16983,0.142313,1.40581,0.343527,0.141087,0.966603,1.30559,0.524933,0.221005,1.0908
22,40,-0.567232,0.698132,0.174533,0.174533,-0.574261,0.691997,0.16983,0.142313,1.40581,0.343527,0.141087,0.966603,1.30559,0.524933,0.221005,1.0908
22,40,-0.567232,0.698132,0.174533,0.174533,-0.574261,0.691997,0.16983,0.142313,1.40581,0.343527,0.141087,0.966603,1.30559,0.524933,0.221005,1.0908
22,40,-0.567232,0.698132,0.174533,0.174533,-0.574261,0.691997,0.16983,0.142313,1.40581,0.343527,0.141087,0.966603,1.30559,0.524933,0.221005,1.0908
22,40,-0.567232,0.698132,0.174533,0.174533,-0.574261,0.691997,0.16983,0.142313,1.40581,0.343527,0.141087,0.966603,1.30559,0.524933,0.221005,1.0908
22,40,-0.567232,0.698132,0.174533,0.174533,-0.574261,0.691997,0.16983,0.142313,1.40581,0.343527,0.141087,0.966603,1.30559,0.524933,0.221005,1.0908
22,40,-0.567232,0.698132,0.174533,0.174533,-0.574261,0.691997,0.16983,0.142313,1.40581,0.343527,0.141087,0.966603,1.30559,0.524933,0.221005,1.0908
22,40,-0.567232,0.698132,0.174533,0.174533,-0.574261,0.691997,0.16983,0.142313,1.40581,0.343527,0.141087,0.966603,1.30559,0.524933,0.221005,1.0908
22,40,-0.567232,0.698132,0.174533,0.174533,-0.574261,0.691997,0.16983,0.142313,1.40581,0.343527,0.141087,0.966603,1.30559,0.524933,0.221005,1.0908
22,40,-0.567232,0.698132,0.174533,0.174533,-0.574261,0.691997,0.16983,0.142313,1.40581,0.343527,0.141087,0.966603,1.30559,0.524933,0.221005,1.0908
22,40,-0.567232,0.698132,0.174533,0.174533,-0.574261,0.691997,0.16983,0.142313,1.40581,0.343527,0.141087,0.966603,1.30559,0.524933,0.221005,1.0908
22,40,-0.567232,0.698132,0.174533,0.174533,-0.574261,0.691997,0.16983,0.142313,1.40581,0.343527,0.141087,0.966603,1.30559,0.524933,0.221005,1.0908
22,40,-0.567232,0.698132,0.174533,0.174533,-0.574261,0.691997,0.16983,0.142313,1.40581,0.343527,0.141087,0.966603,1.30559,0.524933,0.221005,1.0908
22,40,-0.567232,0.698132,0.174533,0.174533,-0.574261,0.691997,0.16983,0.142313,1.40581,0.343527,0.141087,0.966603,1.30559,0.524933,0.221005,1.0908
22,40,-0.567232,0.698132,0.174533,0.174533,-0.574261,0.691997,0.16983,0.142313,1.40581,0.343527,0.141087,0.966603,1.30559,0.524933,0.221005,1.0908
22,40,-0.567232,0.698132,0.174533,0.174533,-0.574261,0.691997,0.16983,0.142313,1.40581,0.343527,0.141087,0.966603,1.30559,0.524933,0.221005,1.0908
22,40,-0.567232,0.698132,0.174533,0.174533,-0.574261,0.691997,0.16983,0.142313,1.40581,0.343527,0.141087,0.966603,1.30559,0.524933,0.221005,1.0908
22,40,-0.567232,0.698132,0.174533,0.174533,-0.574261,0.691997,0.16983,0.142313,1.40581,0.343527,0.141087,0.966603,1.30559,0.524933,0.221005,1.0908
22,40,-0.567232,0.698132,0.174533,0.174533,-0.574261,0.691997,0.16983,0.142313,1.40581,0.343527,0.141087,0.966603,1.30559,0.524933,0.221005,1.0908
22,40,-0.567232,0.698132,0.174533,0.174533,-0.574261,0.691997,0.16983,0.142313,1.40581,0.343527,0.141087,0.966603,1.30559,0.524933,0.221005,1.0908
22,40,-0.567232,0.698132,0.174533,0.174533,-0.574261,0.691997,0.16983,0.142313,1.40581,0.343527,0.141087,0.966603,1.30559,0.524933,0.221005,1.0908
22,40,-0.567232,0.698132,0.174533,0.174533,-0.574261,0.691997,0.16983,0.142313,1.40581,0.343527,0.141087,0.966603,1.30559,0.524933,0.221005,1.0908
22,40,-0.567232,0.698132,0.174533,0.174533,-0.574261,0.691997,0.16983,0.142313,1.40581,0.343527,0.141087,0.966603,1.30559,0.524933,0.221005,1.0908
22,40,-0.567232,0.698132,0.174533,0.174533,-0.574261,0.691997,0.16983,0.142313,1.40581,0.343527,0.141087,0.966603,1.30559,0.524933,0.221005,1.0908
22,40,-0.567232,0.698132,0.174533,0.174533,-0.574261,0.691997,0.16983,0.142313,1.40581,0.343527,0.141087,0.966603,1.30559,0.524933,0.221005,1.0908
22,40,-0.567232,0.698132,0.174533,0.174533,-0.574261,0.691997,0.16983,0.142313,1.40581,0.343527,0.141087,0.966603,1.30559,0.524933,0.221005,1.0908
22,40,-0.567232,0.698132,0.174533,0.174533,-0.574261,0.691997,0.16983,0.142313,1.40581,0.343527,0.141087,0.966603,1.30559,0.524933,0.221005,1.0908
22,40,-0.567232,0.698132,0.174533,0.174533,-0.574261,0.691997,0.16983,0.142313,1.40581,0.343527,0.141087,0.966603,1.30559,0.524933,0.221005,1.0908
22,40,-0.567232,0.698132,0.174533,0.174533,-0.574261,0.691997,0.16983,0.142313,1.40581,0.343527,0.141087,0.966603,1.30559,0.524933,0.221005,1.0908
22,40,-0.567232,0.698132,0.174533,0.174533,-0.574261,0.691997,0.16983,0.142313,1.40581,0.343527,0.141087,0.966603,1.30559,0.524933,0.221005,1.0908
22,40,-0.567232,0.698132,0.174533,0.174533,-0.574261,0.691997,0.16983,0.142313,1.40581,0.343527,0.141087,0.966603,1.30559,0.524933,0.221005,1.0908
22,40,-0.567232,0.698132,0.174533,0.174533,-0.574261,0.691997,0.16983,0.142313,1.40581,0.343527,0.141087,0.966603,1.30559,0.524933,0.221005,1.0908
22,40,-0.567232,0.698132,0.174533,0.174533,-0.574261,0.691997,0.16983,0.142313,1.40581,0.343527,0.141087,0.966603,1.30559,0.524933,0.221005,1.0908
22,40,-0.567232,0.698132,0.174533,0.174533,-0.574261,0.691997,0.16983,0.142313,1.40581,0.343527,0.141087,0.966603,1.30559,0.524933,0.221005,1.0908
22,40,-0.567232,0.698132,0.174533,0.174533,-0.574261,0.691997,0.16983,0.142313,1.40581,0.343527,0.141087,0.966603,1.30559,0.524933,0.221005,1.0908
22,40,-0.567232,0.698132,0.174533,0.174533,-0.574261,0.691997,0.16983,0.142313,1.40581,0.343527,0.141087,0.966603,1.30559,0.524933,0.221005,1.0908
22,40,-0.567232,0.698132,0.174533,0.174533,-0.574261,0.691997,0.16983,0.142313,1.40581,0.343527,0.141087,0.966603,1.30559,0.524933,0.221005,1.0908
22,40,-0.567232,0.698132,0.174533,0.174533,-0.574261,0.691997,0.16983,0.142313,1.40581,0.343527,0.141087,0.966603,1.30559,0.524933,0.221005,1.0908
22,40,-0.567232,0.698132,0.174533,0.174533,-0.574261,0.691997,0.16983,0.142313,1.40581,0.343527,0.141087,0.966603,1.30559,0.524933,0.221005,1.0908
22,40,-0.567232,0.698132,0.174533,0.174533,-0.574261,0.691997,0.16983,0.142313,1.40581,0.343527,0.141087,0.966603,1.30559,0.524933,0.221005,1.0908
22,40,-0.567232,0.698132,0.174533,0.174533,-0.574261,0.691997,0.16983,0.142313,1.40581,0.343527,0.141087,0.966603,1.30559,0.524933,0.221005,1.0908
22,40,-0.567232,0.698132,0.174533,0.174533,-0.574261,0.691997,0.16983,0.142313,1.40581,0.343527,0.141087,0.966603,1.30559,0.524933,0.221005,1.0908
22,40,-0.567232,0.698132,0.174533,0.174533,-0.574261,0.691997,0.16983,0.142313,1.40581,0.343527,0.141087,0.966603,1.30559,0.524933,0.221005,1.0908
22,40,-0.567232,0.698132,0.174533,0.174533,-0.574261,0.691997,0.16983,0.142313,1.40581,0.343527,0.141087,0.966603,1.30559,0.524933,0.221005,1.0908
22,40,-0.567232,0.698132,0.174533,0.174533,-0.574261,0.691997,0.16983,0.142313,1.40581,0.343527,0.141087,0.966603,1.30559,0.524933,0.221005,1.0908
22,40,-0.567232,0.698132,0.174533,0.174533,-0.574261,0.691997,0.16983,0.142313,1.40581,0.343527,0.141087,0.966603,1.30559,0.524933,0.221005,1.0908
22,40,-0.567232,0.698132,0.174533,0.174533,-0.574261,0.691997,0.16983,0.142313,1.40581,0.343527,0.141087,0.966603,1.30559,0.524933,0.221005,1.0908
22,40,-0.567232,0.698132,0.174533,0.174533,-0.574261,0.691997,0.16983,0.142313,1.40581,0.343527,0.141087,0.966603,1.30559,0.524933,0.221005,1.0908
22,40,-0.567232,0.698132,0.174533,0.174533,-0.574261,0.691997,0.16983,0.142313,1.40581,0.343527,0.141087,0.966603,1.30559,0.524933,0.221005,1.0908
22,40,-0.567232,0.698132,0.174533,0.174533,-0.574261,0.691997,0.16983,0.142313,1.40581,0.343527,0.141087,0.966603,1.30559,0.524933,0.221005,1.0908
22,40,-0.567232,0.698132,0.174533,0.174533,-0.574261,0.691997,0.16983,0.142313,1.40581,0.343527,0.141087,0.966603,1.30559,0.524933,0.221005,1.0908
22,40,-0.567232,0.698132,0.174533,0.174533,-0.574261,0.691997,0.16983,0.142313,1.40581,0.343527,0.141087,0.966603,1.30559,0.524933,0.221005,1.0908
22,40,-0.567232,0.698132,0.174533,0.174533,-0.574261,0.691997,0.16983,0.142313,1.40581,0.343527,0.141087,0.966603,1.30559,0.524933,0.221005,1.0908
22,40,-0.567232,0.698132,0.174533,0.174533,-0.574261,0.691997,0.16983,0.142313,1.40581,0.343527,0.141087,0.966603,1.30559,0.524933,0.221005,1.0908
22,40,-0.567232,0.698132,0.174533,0.174533,-0.574261,0.691997,0.16983,0.142313,1.40581,0.343527,0.141087,0.966603,1.30559,0.524933,0.221005,1.0908
22,40,-0.567232,0.698132,0.174533,0.174533,-0.574261,0.691997,0.16983,0.142313,1.40581,0.343527,0.141087,0.966603,1.30559,0.524933,0.221005,1.0908
22,40,-0.567232,0.698132,0.174533,0.174533,-0.574261,0.691997,0.16983,0.142313,1.40581,0.343527,0.141087,0.966603,1.30559,0.524933,0.221005,1.0908
22,40,-0.567232,0.698132,0.174533,0.174533,-0.574261,0.691997,0.169771,0.142348,1.40581,0.343527,0.142865,0.965556,1.30559,0.524933,0.221005,1.0908
22,40,-0.567232,0.698132,0.174533,0.174533,-0.574261,0.691997,0.169771,0.142348,1.40581,0.343527,0.142865,0.965556,1.30559,0.524933,0.221005,1.0908
22,40,-0.567232,0.698132,0.174533,0.174533,-0.574261,0.691997,0.169771,0.142348,1.40581,0.343527,0.142865,0.965556,1.30559,0.524933,0.221005,1.0908
22,40,-0.567232,0.698132,0.174533,0.174533,-0.574261,0.691997,0.169771,0.142348,1.40581,0.343527,0.142865,0.965556,1.30559,0.524933,0.221005,1.0908
22,40,-0.567232,0.698132,0.174533,0.174533,-0.574261,0.691997,0.169771,0.142348,1.40581,0.343527,0.142865,0.965556,1.30559,0.524933,0.221005,1.0908
22,40,-0.567232,0.698132,0.174533,0.174533,-0.574261,0.691997,0.169771,0.142348,1.40581,0.343527,0.142865,0.965556,1.30559,0.524933,0.221005,1.0908
22,40,-0.567232,0.698132,0.174533,0.174533,-0.574261,0.691997,0.169771,0.142348,1.40581,0.343527,0.142865,0.965556,1.30559,0.524933,0.221005,1.0908
22,40,-0.567232,0.698132,0.174533,0.174533,-0.574261,0.691997,0.169771,0.142348,1.40581,0.343527,0.142865,0.965556,1.30559,0.524933,0.221005,1.0908
22,40,-0.567232,0.698132,0.174533,0.174533,-0.574261,0.691997,0.169771,0.142348,1.40581,0.343527,0.142865,0.965556,1.30559,0.524933,0.221005,1.0908
22,40,-0.567232,0.698132,0.174533,0.174533,-0.574261,0.691997,0.169771,0.142348,1.40581,0.343527,0.142865,0.965556,1.30559,0.524933,0.221005,1.0908
22,40,-0.567232,0.698132,0.174533,0.174533,-0.574261,0.691997,0.169771,0.142348,1.40581,0.343527,0.142865,0.965556,1.30559,0.524933,0.221005,1.0908
22,40,-0.567232,0.698132,0.174533,0.174533,-0.574261,0.691997,0.169771,0.142348,1.40581,0.343527,0.142865,0.965556,1.30559,0.524933,0.221005,1.0908
22,40,-0.567232,0.698132,0.174533,0.174533,-0.574261,0.691997,0.169771,0.142348,1.40581,0.343527,0.142865,0.965556,1.30559,0.524933,0.221005,1.0908
22,40,-0.567232,0.698132,0.174533,0.174533,-0.574261,0.691997,0.169771,0.142348,1.40581,0.343527,0.142865,0.965556,1.30559,0.524933,0.221005,1.0908
22,40,-0.567232,0.698132,0.174533,0.174533,-0.574261,0.691997,0.169771,0.142348,1.40581,0.343527,0.142865,0.965556,1.30559,0.524933,0.221005,1.0908
22,40,-0.567232,0.698132,0.174533,0.174533,-0.574261,0.691997,0.169771,0.142348,1.40581,0.343527,0.142865,0.965556,1.30559,0.524933,0.221005,1.0908
22,40,-0.567232,0.698132,0.174533,0.174533,-0.574261,0.691997,0.169771,0.142348,1.40581,0.343527,0.142865,0.965556,1.30559,0.524933,0.221005,1.0908
22,40,-0.567232,0.698132,0.174533,0.174533,-0.574261,0.691997,0.169771,0.142348,1.40581,0.343527,0.142865,0.965556,1.30559,0.524933,0.221005,1.0908
22,40,-0.567232,0.698132,0.174533,0.174533,-0.574261,0.691997,0.169771,0.142348,1.40581,0.343527,0.142865,0.965556,1.30559,0.524933,0.221005,1.0908
22,40,-0.567232,0.698132,0.174533,0.174533,-0.574261,0.691997,0.169771,0.142348,1.40581,0.343527,0.142865,0.965556,1.30559,0.524933,0.221005,1.0908
22,40,-0.567232,0.698132,0.174533,0.174533,-0.574261,0.691997,0.169771,0.142348,1.40581,0.343527,0.142865,0.965556,1.30559,0.524933,0.221005,1.0908
22,40,-0.567232,0.698132,0.174533,0.174533,-0.574261,0.691997,0.169771,0.142348,1.40581,0.343527,0.142865,0.965556,1.30559,0.524933,0.221005,1.0908
22,40,-0.567232,0.698132,0.174533,0.174533,-0.574261,0.691997,0.169771,0.142348,1.40581,0.343527,0.142865,0.965556,1.30559,0.524933,0.221005,1.0908
22,40,-0.567232,0.698132,0.174533,0.174533,-0.574261,0.691997,0.169771,0.142348,1.40581,0.343527,0.142865,0.965556,1.30559,0.524933,0.221005,1.0908
22,40,-0.567232,0.698132,0.174533,0.174533,-0.574261,0.691997,0.169771,0.142348,1.40581,0.343527,0.142865,0.965556,1.30559,0.524933,0.221005,1.0908
22,40,-0.567232,0.698132,0.174533,0.174533,-0.574261,0.691997,0.169771,0.142348,1.40581,0.343527,0.142865,0.965556,1.30559,0.524933,0.221005,1.0908
22,40,-0.567232,0.698132,0.174533,0.174533,-0.574261,0.691997,0.169771,0.142348,1.40581,0.343527,0.142865,0.965556,1.30559,0.524933,0.221005,1.0908
22,40,-0.567232,0.698132,0.174533,0.174533,-0.574261,0.691997,0.169771,0.142348,1.40581,0.343527,0.142865,0.965556,1.30559,0.524933,0.221005,1.0908
22,40,-0.567232,0.698132,0.174533,0.174533,-0.574261,0.691997,0.169771,0.142348,1.40581,0.343527,0.142865,0.965556,1.30559,0.524933,0.221005,1.0908
22,40,-0.567232,0.698132,0.174533,0.174533,-0.574261,0.691997,0.169771,0.142348,1.40581,0.343527,0.142865,0.965556,1.30559,0.524933,0.221005,1.0908
22,40,-0.567232,0.698132,0.174533,0.174533,-0.574261,0.691997,0.169771,0.142348,1.40581,0.343527,0.142865,0.965556,1.30559,0.524933,0.221005,1.0908
22,40,-0.567232,0.698132,0.174533,0.174533,-0.574261,0.691997,0.169771,0.142348,1.40581,0.343527,0.142865,0.965556,1.30559,0.524933,0.221005,1.0908
22,40,-0.567232,0.698132,0.174533,0.174533,-0.574261,0.691997,0.169771,0.142348,1.40581,0.343527,0.142865,0.965556,1.30559,0.524933,0.221005,1.0908
22,40,-0.567232,0.698132,0.174533,0.174533,-0.574261,0.691997,0.169771,0.142348,1.40581,0.343527,0.142865,0.965556,1.30559,0.524933,0.221005,1.0908
22,40,-0.567232,0.698132,0.174533,0.174533,-0.574261,0.691997,0.169771,0.142348,1.40581,0.343527,0.142865,0.965556,1.30559,0.524933,0.221005,1.0908
22,40,-0.567232,0.698132,0.174533,0.174533,-0.574261,0.691997,0.169771,0.142348,1.40581,0.343527,0.142865,0.965556,1.30559,0.524933,0.221005,1.0908
22,40,-0.567232,0.698132,0.174533,0.174533,-0.574261,0.691997,0.169771,0.142348,1.40581,0.343527,0.142865,0.965556,1.30559,0.524933,0.221005,1.0908
22,40,-0.567232,0.698132,0.174533,0.174533,-0.574261,0.691997,0.169771,0.142348,1.40581,0.343527,0.142865,0.965556,1.30559,0.524933,0.221005,1.0908
22,40,-0.567232,0.698132,0.174533,0.174533,-0.574261,0.691997,0.169771,0.142348,1.40581,0.343527,0.142865,0.965556,1.30559,0.524933,0.221005,1.0908
22,40,-0.567232,0.698132,0.174533,0.174533,-0.574261,0.691997,0.169771,0.142348,1.40581,0.343527,0.142865,0.965556,1.30559,0.524933,0.221005,1.0908
22,40,-0.567232,0.698132,0.174533,0.174533,-0.574261,0.691997,0.169771,0.142348,1.40581,0.343527,0.142865,0.965556,1.30559,0.524933,0.221005,1.0908
22,40,-0.567232,0.698132,0.174533,0.174533,-0.574261,0.691997,0.169771,0.142348,1.40581,0.343527,0.142865,0.965556,1.30559,0.524933,0.221005,1.0908
22,40,-0.567232,0.698132,0.174533,0.174533,-0.574261,0.691997,0.169771,0.142348,1.40581,0.343527,0.142865,0.965556,1.30559,0.524933,0.221005,1.0908
22,40,-0.567232,0.698132,0.174533,0.174533,-0.574261,0.691997,0.169771,0.142348,1.40581,0.343527,0.142865,0.965556,1.30559,0.524933,0.221005,1.0908
22,40,-0.567232,0.698132,0.174533,0.174533,-0.574261,0.691997,0.169771,0.142348,1.40581,0.343527,0.142865,0.965556,1.30559,0.524933,0.221005,1.0908
22,40,-0.567232,0.698132,0.174533,0.174533,-0.574261,0.691997,0.169771,0.142348,1.40581,0.343527,0.142865,0.965556,1.30559,0.524933,0.221005,1.0908
22,40,-0.567232,0.698132,0.174533,0.174533,-0.574261,0.691997,0.169771,0.142348,1.40581,0.343527,0.142865,0.965556,1.30559,0.524933,0.221005,1.0908
22,40,-0.567232,0.698132,0.174533,0.174533,-0.574261,0.691997,0.169771,0.142348,1.40581,0.343527,0.142865,0.965556,1.30559,0.524933,0.221005,1.0908
22,40,-0.567232,0.698132,0.174533,0.174533,-0.574261,0.691997,0.169771,0.142348,1.40581,0.343527,0.142865,0.965556,1.30559,0.524933,0.221005,1.0908
22,40,-0.567232,0.698132,0.174533,0.174533,-0.574261,0.691997,0.169771,0.142348,1.40581,0.343527,0.142865,0.965556,1.30559,0.524933,0.221005,1.0908
22,40,-0.567232,0.698132,0.174533,0.174533,-0.574261,0.691997,0.169771,0.142348,1.40581,0.343527,0.142865,0.965556,1.30559,0.524933,0.221005,1.0908
22,40,-0.567232,0.698132,0.174533,0.174533,-0.574261,0.691997,0.169771,0.142348,1.40581,0.343527,0.142865,0.965556,1.30559,0.524933,0.221005,1.0908
22,40,-0.567232,0.698132,0.174533,0.174533,-0.574261,0.691997,0.169771,0.142348,1.40581,0.343527,0.142865,0.965556,1.30559,0.524933,0.221005,1.0908
22,40,-0.567232,0.698132,0.174533,0.174533,-0.574261,0.691997,0.169771,0.142348,1.40581,0.343527,0.142865,0.965556,1.30559,0.524933,0.221005,1.0908
22,40,-0.567232,0.698132,0.174533,0.174533,-0.574261,0.691997,0.169771,0.142348,1.40581,0.343527,0.142865,0.965556,1.30559,0.524933,0.221005,1.0908
22,40,-0.567232,0.698132,0.174533,0.174533,-0.574261,0.691997,0.169771,0.142348,1.40581,0.343527,0.142865,0.965556,1.30559,0.524933,0.221005,1.0908
22,40,-0.567232,0.698132,0.174533,0.174533,-0.574261,0.691997,0.169771,0.142348,1.40581,0.343527,0.142865,0.965556,1.30559,0.524933,0.221005,1.0908
22,40,-0.567232,0.698132,0.174533,0.174533,-0.574261,0.691997,0.169771,0.142348,1.40581,0.343527,0.142865,0.965556,1.30559,0.524933,0.221005,1.0908
22,40,-0.567232,0.698132,0.174533,0.174533,-0.574261,0.691997,0.169771,0.142348,1.40581,0.343527,0.142865,0.965556,1.30559,0.524933,0.221005,1.0908
22,40,-0.567232,0.698132,0.174533,0.174533,-0.574261,0.691997,0.169771,0.142348,1.40581,0.343527,0.142865,0.965556,1.30559,0.524933,0.221005,1.0908
22,40,-0.567232,0.698132,0.174533,0.174533,-0.574261,0.691997,0.169771,0.142348,1.40581,0.343527,0.142865,0.965556,1.30559,0.524933,0.221005,1.0908
22,40,-0.567232,0.698132,0.174533,0.174533,-0.574261,0.691997,0.169771,0.142348,1.40581,0.343527,0.142865,0.965556,1.30559,0.524933,0.221005,1.0908
22,40,-0.567232,0.698132,0.174533,0.174533,-0.574261,0.691997,0.169771,0.142348,1.40581,0.343527,0.142865,0.965556,1.30559,0.524933,0.221005,1.0908
22,40,-0.567232,0.698132,0.174533,0.174533,-0.574261,0.691997,0.169771,0.142348,1.40581,0.343527,0.142865,0.965556,1.30559,0.524933,0.221005,1.0908
22,40,-0.567232,0.698132,0.174533,0.174533,-0.574261,0.691997,0.169771,0.142348,1.40581,0.343527,0.142865,0.965556,1.30559,0.524933,0.221005,1.0908
22,40,-0.567232,0.698132,0.174533,0.174533,-0.574261,0.691997,0.169771,0.142348,1.40581,0.343527,0.142865,0.965556,1.30559,0.524933,0.221005,1.0908
22,40,-0.567232,0.698132,0.174533,0.174533,-0.574261,0.691997,0.169771,0.142348,1.40581,0.343527,0.142865,0.965556,1.30559,0.524933,0.221005,1.0908
22,40,-0.567232,0.698132,0.174533,0.174533,-0.574261,0.691997,0.169771,0.142348,1.40581,0.343527,0.142865,0.965556,1.30559,0.524933,0.221005,1.0908
22,40,-0.567232,0.698132,0.174533,0.174533,-0.574261,0.691997,0.169771,0.142348,1.40581,0.343527,0.142865,0.965556,1.30559,0.524933,0.221005,1.0908
22,40,-0.567232,0.698132,0.174533,0.174533,-0.574261,0.691997,0.169771,0.142348,1.40581,0.343527,0.142865,0.965556,1.30559,0.524933,0.221005,1.0908
22,40,-0.567232,0.698132,0.174533,0.174533,-0.574261,0.691997,0.169771,0.142348,1.40581,0.343527,0.142865,0.965556,1.30559,0.524933,0.221005,1.0908
22,40,-0.567232,0.698132,0.174533,0.174533,-0.574261,0.691997,0.169771,0.142348,1.40581,0.343527,0.142865,0.965556,1.30559,0.524933,0.221005,1.0908
22,40,-0.567232,0.698132,0.174533,0.174533,-0.574261,0.691997,0.169771,0.142348,1.40581,0.343527,0.142865,0.965556,1.30559,0.524933,0.221005,1.0908
22,40,-0.567232,0.698132,0.174533,0.174533,-0.574261,0.691997,0.169771,0.142348,1.40581,0.343527,0.142865,0.965556,1.30559,0.524933,0.221005,1.0908
22,40,-0.567232,0.698132,0.174533,0.174533,-0.574261,0.691997,0.169771,0.142348,1.40581,0.343527,0.142865,0.965556,1.30559,0.524933,0.221005,1.0908
22,40,-0.567232,0.698132,0.174533,0.174533,-0.574261,0.691997,0.169771,0.142348,1.40581,0.343527,0.142865,0.965556,1.30559,0.524933,0.221005,1.0908
22,40,-0.567232,0.698132,0.174533,0.174533,-0.574261,0.691997,0.169771,0.142348,1.40581,0.343527,0.142865,0.965556,1.30559,0.524933,0.221005,1.0908
22,40,-0.567232,0.698132,0.174533,0.174533,-0.574261,0.691997,0.169771,0.142348,1.40581,0.343527,0.142865,0.965556,1.30559,0.524933,0.221005,1.0908
22,40,-0.567232,0.698132,0.174533,0.174533,-0.574261,0.691997,0.169771,0.142348,1.40581,0.343527,0.142865,0.965556,1.30559,0.524933,0.221005,1.0908
22,40,-0.567232,0.698132,0.174533,0.174533,-0.574261,0.691997,0.169771,0.142348,1.40581,0.343527,0.142865,0.965556,1.30559,0.524933,0.221005,1.0908
22,40,-0.567232,0.698132,0.174533,0.174533,-0.574261,0.691997,0.169771,0.142348,1.40581,0.343527,0.142865,0.965556,1.30559,0.524933,0.221005,1.0908
22,40,-0.567232,0.698132,0.174533,0.174533,-0.574261,0.691997,0.169771,0.142348,1.40581,0.343527,0.142865,0.965556,1.30559,0.524933,0.221005,1.0908
22,40,-0.567232,0.698132,0.174533,0.174533,-0.574261,0.691997,0.169771,0.142348,1.40581,0.343527,0.142865,0.965556,1.30559,0.524933,0.221005,1.0908
22,40,-0.567232,0.698132,0.174533,0.174533,-0.574261,0.691997,0.169771,0.142348,1.40581,0.343527,0.142865,0.965556,1.30559,0.524933,0.221005,1.0908
22,40,-0.567232,0.698132,0.174533,0.174533,-0.574261,0.691997,0.169771,0.142348,1.40581,0.343527,0.142865,0.965556,1.30559,0.524933,0.221005,1.0908
22,40,-0.567232,0.698132,0.174533,0.174533,-0.574261,0.691997,0.169771,0.142348,1.40581,0.343527,0.142865,0.965556,1.30559,0.524933,0.221005,1.0908
22,40,-0.567232,0.698132,0.174533,0.174533,-0.574261,0.691997,0.169771,0.142348,1.40581,0.343527,0.142865,0.965556,1.30559,0.524933,0.221005,1.0908
22,40,-0.567232,0.698132,0.174533,0.174533,-0.574261,0.691997,0.169771,0.142348,1.40581,0.343527,0.142865,0.965556,1.30559,0.524933,0.221005,1.0908
22,40,-0.567232,0.698132,0.174533,0.174533,-0.574261,0.691997,0.169771,0.142348,1.40581,0.343527,0.142865,0.965556,1.30559,0.524933,0.221005,1.0908
22,40,-0.567232,0.698132,0.174533,0.174533,-0.574261,0.691997,0.169771,0.142348,1.40581,0.343527,0.142865,0.965556,1.30559,0.524933,0.221005,1.0908
22,40,-0.567232,0.698132,0.174533,0.174533,-0.574261,0.691997,0.169771,0.142348,1.40581,0.343527,0.142865,0.965556,1.30559,0.524933,0.221005,1.0908
22,40,-0.567232,0.698132,0.174533,0.174533,-0.574261,0.691997,0.169771,0.142348,1.40581,0.343527,0.142865,0.965556,1.30559,0.524933,0.221005,1.0908
22,40,-0.567232,0.698132,0.174533,0.174533,-0.574261,0.691997,0.169771,0.142348,1.40581,0.343527,0.142865,0.965556,1.30559,0.524933,0.221005,1.0908
22,40,-0.567232,0.698132,0.174533,0.174533,-0.574261,0.691997,0.169771,0.142348,1.40581,0.343527,0.142865,0.965556,1.30559,0.524933,0.221005,1.0908
22,40,-0.567232,0.698132,0.174533,0.174533,-0.574261,0.691997,0.169771,0.142348,1.40581,0.343527,0.142865,0.965556,1.30559,0.524933,0.221005,1.0908
22,40,-0.567232,0.698132,0.174533,0.174533,-0.574261,0.691997,0.169771,0.142348,1.40581,0.343527,0.142865,0.965556,1.30559,0.524933,0.221005,1.0908
22,40,-0.567232,0.698132,0.174533,0.174533,-0.574261,0.691997,0.169771,0.142348,1.40581,0.343527,0.142865,0.965556,1.30559,0.524933,0.221005,1.0908
22,40,-0.567232,0.698132,0.174533,0.174533,-0.574261,0.691997,0.169771,0.142348,1.40581,0.343527,0.142865,0.965556,1.30559,0.524933,0.221005,1.0908
22,40,-0.567232,0.698132,0.174533,0.174533,-0.574261,0.691997,0.169771,0.142348,1.40581,0.343527,0.142865,0.965556,1.30559,0.524933,0.221005,1.0908
22,40,-0.567232,0.698132,0.174533,0.174533,-0.574261,0.691997,0.169771,0.142348,1.40581,0.343527,0.142865,0.965556,1.30559,0.524933,0.221005,1.0908
22,40,-0.567232,0.698132,0.174533,0.174533,-0.574261,0.691997,0.169771,0.142348,1.40581,0.343527,0.142865,0.965556,1.30559,0.524933,0.221005,1.0908
22,40,-0.567232,0.698132,0.174533,0.174533,-0.574261,0.691997,0.169771,0.142348,1.40581,0.343527,0.142865,0.965556,1.30559,0.524933,0.221005,1.0908
22,40,-0.567232,0.698132,0.174533,0.174533,-0.574261,0.691997,0.169771,0.142348,1.40581,0.343527,0.142865,0.965556,1.30559,0.524933,0.221005,1.0908
22,40,-0.567232,0.698132,0.174533,0.174533,-0.574261,0.691997,0.169771,0.142348,1.40581,0.343527,0.142865,0.965556,1.30559,0.524933,0.221005,1.0908
22,40,-0.567232,0.698132,0.174533,0.174533,-0.574261,0.691997,0.169771,0.142348,1.40581,0.343527,0.142865,0.965556,1.30559,0.524933,0.221005,1.0908
22,40,-0.567232,0.698132,0.174533,0.174533,-0.574261,0.691997,0.169771,0.142348,1.40581,0.343527,0.142865,0.965556,1.30559,0.524933,0.221005,1.0908
22,40,-0.567232,0.698132,0.174533,0.174533,-0.574261,0.691997,0.169771,0.142348,1.40581,0.343527,0.142865,0.965556,1.30559,0.524933,0.221005,1.0908
22,40,-0.567232,0.698132,0.174533,0.174533,-0.574261,0.691997,0.169771,0.142348,1.40581,0.343527,0.142865,0.965556,1.30559,0.524933,0.221005,1.0908
22,40,-0.567232,0.698132,0.174533,0.174533,-0.574261,0.691997,0.169771,0.142348,1.40581,0.343527,0.142865,0.965556,1.30559,0.524933,0.221005,1.0908
22,40,-0.567232,0.698132,0.174533,0.174533,-0.574261,0.691997,0.169771,0.142348,1.40581,0.343527,0.142865,0.965556,1.30559,0.524933,0.221005,1.0908
22,40,-0.567232,0.698132,0.174533,0.174533,-0.574261,0.691997,0.169771,0.142348,1.40581,0.343527,0.142865,0.965556,1.30559,0.524933,0.221005,1.0908
22,40,-0.567232,0.698132,0.174533,0.174533,-0.574261,0.691997,0.169771,0.142348,1.40581,0.343527,0.142865,0.965556,1.30559,0.524933,0.221005,1.0908
22,40,-0.567232,0.698132,0.174533,0.174533,-0.574261,0.691997,0.169771,0.142348,1.40581,0.343527,0.142865,0.965556,1.30559,0.524933,0.221005,1.0908
22,40,-0.567232,0.698132,0.174533,0.174533,-0.574261,0.691997,0.169771,0.142348,1.40581,0.343527,0.142865,0.965556,1.30559,0.524933,0.221005,1.0908
22,40,-0.567232,0.698132,0.174533,0.174533,-0.574261,0.691997,0.169771,0.142348,1.40581,0.343527,0.142865,0.965556,1.30559,0.524933,0.221005,1.0908
22,40,-0.567232,0.698132,0.174533,0.174533,-0.574261,0.691997,0.169771,0.142348,1.40581,0.343527,0.142865,0.965556,1.30559,0.524933,0.221005,1.0908
22,40,-0.567232,0.698132,0.174533,0.174533,-0.574261,0.691997,0.169771,0.142348,1.40581,0.343527,0.142865,0.965556,1.30559,0.524933,0.221005,1.0908
22,40,-0.567232,0.698132,0.174533,0.174533,-0.574261,0.691997,0.169771,0.142348,1.40581,0.343527,0.142865,0.965556,1.30559,0.524933,0.221005,1.0908
22,40,-0.567232,0.698132,0.174533,0.174533,-0.574261,0.691997,0.169771,0.142348,1.40581,0.343527,0.142865,0.965556,1.30559,0.524933,0.221005,1.0908
22,40,-0.567232,0.698132,0.174533,0.174533,-0.574261,0.691997,0.169771,0.142348,1.40581,0.343527,0.142865,0.965556,1.30559,0.524933,0.221005,1.0908
22,40,-0.567232,0.698132,0.174533,0.174533,-0.574261,0.691997,0.169771,0.142348,1.40581,0.343527,0.142865,0.965556,1.30559,0.524933,0.221005,1.0908
22,40,-0.567232,0.698132,0.174533,0.174533,-0.574261,0.691997,0.169771,0.142348,1.40581,0.343527,0.142865,0.965556,1.30559,0.524933,0.221005,1.0908
22,40,-0.567232,0.698132,0.174533,0.174533,-0.574261,0.691997,0.169771,0.142348,1.40581,0.343527,0.142865,0.965556,1.30559,0.524933,0.221005,1.0908
22,40,-0.567232,0.698132,0.174533,0.174533,-0.574261,0.691997,0.169771,0.142348,1.40581,0.343527,0.142865,0.965556,1.30559,0.524933,0.221005,1.0908
22,40,-0.567232,0.698132,0.174533,0.174533,-0.574261,0.691997,0.169771,0.142348,1.40581,0.343527,0.142865,0.965556,1.30559,0.524933,0.221005,1.0908
22,40,-0.567232,0.698132,0.174533,0.174533,-0.574261,0.691997,0.169771,0.142348,1.40581,0.343527,0.142865,0.965556,1.30559,0.524933,0.221005,1.0908
22,40,-0.567232,0.698132,0.174533,0.174533,-0.574261,0.691997,0.169771,0.142348,1.40581,0.343527,0.142865,0.965556,1.30559,0.524933,0.221005,1.0908
22,40,-0.567232,0.698132,0.174533,0.174533,-0.574261,0.691997,0.169771,0.142348,1.40581,0.343527,0.142865,0.965556,1.30559,0.524933,0.221005,1.0908
22,40,-0.567232,0.698132,0.174533,0.174533,-0.574261,0.691997,0.169771,0.142348,1.40581,0.343527,0.142865,0.965556,1.30559,0.524933,0.221005,1.0908
22,40,-0.567232,0.698132,0.174533,0.174533,-0.574261,0.691997,0.169771,0.142348,1.40581,0.343527,0.142865,0.965556,1.30559,0.524933,0.221005,1.0908
22,40,-0.567232,0.698132,0.174533,0.174533,-0.574261,0.691997,0.169771,0.142348,1.40581,0.343527,0.142865,0.965556,1.30559,0.524933,0.221005,1.0908
22,40,-0.567232,0.698132,0.174533,0.174533,-0.574261,0.691997,0.169771,0.142348,1.40581,0.343527,0.142865,0.965556,1.30559,0.524933,0.221005,1.0908
22,40,-0.567232,0.698132,0.174533,0.174533,-0.574261,0.691997,0.169771,0.142348,1.40581,0.343527,0.142865,0.965556,1.30559,0.524933,0.221005,1.0908
22,40,-0.567232,0.698132,0.174533,0.174533,-0.574261,0.691997,0.169771,0.142348,1.40581,0.343527,0.142865,0.965556,1.30559,0.524933,0.221005,1.0908
22,40,-0.567232,0.698132,0.174533,0.174533,-0.574261,0.691997,0.169771,0.142348,1.40581,0.343527,0.142865,0.965556,1.30559,0.524933,0.221005,1.0908
22,40,-0.567232,0.698132,0.174533,0.174533,-0.574261,0.691997,0.169771,0.142348,1.40581,0.343527,0.142865,0.965556,1.30559,0.524933,0.221005,1.0908
22,40,-0.567232,0.698132,0.174533,0.174533,-0.574261,0.691997,0.169771,0.142348,1.40581,0.343527,0.142865,0.965556,1.30559,0.524933,0.221005,1.0908
22,40,-0.567232,0.698132,0.174533,0.174533,-0.574261,0.691997,0.169771,0.142348,1.40581,0.343527,0.142865,0.965556,1.30559,0.524933,0.221005,1.0908
22,40,-0.567232,0.698132,0.174533,0.174533,-0.574261,0.691997,0.169771,0.142348,1.40581,0.343527,0.142865,0.965556,1.30559,0.524933,0.221005,1.0908
22,40,-0.567232,0.698132,0.174533,0.174533,-0.574261,0.691997,0.169771,0.142348,1.40581,0.343527,0.142865,0.965556,1.30559,0.524933,0.221005,1.0908
22,40,-0.567232,0.698132,0.174533,0.174533,-0.574261,0.691997,0.169771,0.142348,1.40581,0.343527,0.142865,0.965556,1.30559,0.524933,0.221005,1.0908
22,40,-0.567232,0.698132,0.174533,0.174533,-0.574261,0.691997,0.169771,0.142348,1.40581,0.343527,0.142865,0.965556,1.30559,0.524933,0.221005,1.0908
22,40,-0.567232,0.698132,0.174533,0.174533,-0.574261,0.691997,0.169771,0.142348,1.40581,0.343527,0.142865,0.965556,1.30559,0.524933,0.221005,1.0908
22,40,-0.567232,0.698132,0.174533,0.174533,-0.574261,0.691997,0.169771,0.142348,1.40581,0.343527,0.142865,0.965556,1.30559,0.524933,0.221005,1.0908
22,40,-0.567232,0.698132,0.174533,0.174533,-0.574261,0.691997,0.169771,0.142348,1.40581,0.343527,0.142865,0.965556,1.30559,0.524933,0.221005,1.0908
22,40,-0.567232,0.698132,0.174533,0.174533,-0.574261,0.691997,0.169771,0.142348,1.40581,0.343527,0.142865,0.965556,1.30559,0.524933,0.221005,1.0908
22,40,-0.567232,0.698132,0.174533,0.174533,-0.574261,0.691997,0.169771,0.142348,1.40581,0.343527,0.142865,0.965556,1.30559,0.524933,0.221005,1.0908
22,40,-0.567232,0.698132,0.174533,0.174533,-0.574261,0.691997,0.169771,0.142348,1.40581,0.343527,0.142865,0.965556,1.30559,0.524933,0.221005,1.0908
22,40,-0.567232,0.698132,0.174533,0.174533,-0.574261,0.691997,0.169771,0.142348,1.40581,0.343527,0.142865,0.965556,1.30559,0.524933,0.221005,1.0908
22,40,-0.567232,0.698132,0.174533,0.174533,-0.574261,0.691997,0.169771,0.142348,1.40581,0.343527,0.142865,0.965556,1.30559,0.524933,0.221005,1.0908
22,40,-0.567232,0.698132,0.174533,0.174533,-0.574261,0.691997,0.169771,0.142348,1.40581,0.343527,0.142865,0.965556,1.30559,0.524933,0.221005,1.0908
22,40,-0.567232,0.698132,0.174533,0.174533,-0.574261,0.691997,0.169771,0.142348,1.40581,0.343527,0.142865,0.965556,1.30559,0.524933,0.221005,1.0908
22,40,-0.567232,0.698132,0.174533,0.174533,-0.574261,0.691997,0.169771,0.142348,1.40581,0.343527,0.142865,0.965556,1.30559,0.524933,0.221005,1.0908
22,40,-0.567232,0.698132,0.174533,0.174533,-0.574261,0.691997,0.169771,0.142348,1.40581,0.343527,0.142865,0.965556,1.30559,0.524933,0.221005,1.0908
22,40,-0.567232,0.698132,0.174533,0.174533,-0.574261,0.691997,0.169771,0.142348,1.40581,0.343527,0.142865,0.965556,1.30559,0.524933,0.221005,1.0908
22,40,-0.567232,0.698132,0.174533,0.174533,-0.574261,0.691997,0.169771,0.142348,1.40581,0.343527,0.142865,0.965556,1.30559,0.524933,0.221005,1.0908
22,40,-0.567232,0.698132,0.174533,0.174533,-0.574261,0.691997,0.169771,0.142348,1.40581,0.343527,0.142865,0.965556,1.30559,0.524933,0.221005,1.0908
22,40,-0.567232,0.698132,0.174533,0.174533,-0.574261,0.691997,0.169771,0.142348,1.40581,0.343527,0.142865,0.965556,1.30559,0.524933,0.221005,1.0908
22,40,-0.567232,0.698132,0.174533,0.174533,-0.574261,0.691997,0.169771,0.142348,1.40581,0.343527,0.142865,0.965556,1.30559,0.524933,0.221005,1.0908
22,40,-0.567232,0.698132,0.174533,0.174533,-0.574261,0.691997,0.169771,0.142348,1.40581,0.343527,0.142865,0.965556,1.30559,0.524933,0.221005,1.0908
22,40,-0.567232,0.698132,0.174533,0.174533,-0.574261,0.691997,0.169771,0.142348,1.40581,0.343527,0.142865,0.965556,1.30559,0.524933,0.221005,1.0908
22,40,-0.567232,0.698132,0.174533,0.174533,-0.574261,0.691997,0.169771,0.142348,1.40581,0.343527,0.142865,0.965556,1.30559,0.524933,0.221005,1.0908
22,40,-0.567232,0.698132,0.174533,0.174533,-0.574261,0.691997,0.169771,0.142348,1.40581,0.343527,0.142865,0.965556,1.30559,0.524933,0.221005,1.0908
22,40,-0.567232,0.698132,0.174533,0.174533,-0.574261,0.691997,0.169771,0.142348,1.40581,0.343527,0.142865,0.965556,1.30559,0.524933,0.221005,1.0908
22,40,-0.567232,0.698132,0.174533,0.174533,-0.574261,0.691997,0.169771,0.142348,1.40581,0.343527,0.142865,0.965556,1.30559,0.524933,0.221005,1.0908
22,40,-0.567232,0.698132,0.174533,0.174533,-0.574261,0.691997,0.169771,0.142348,1.40581,0.343527,0.142865,0.965556,1.30559,0.524933,0.221005,1.0908
22,40,-0.567232,0.698132,0.174533,0.174533,-0.574261,0.691997,0.169771,0.142348,1.40581,0.343527,0.142865,0.965556,1.30559,0.524933,0.221005,1.0908
22,40,-0.567232,0.698132,0.174533,0.174533,-0.574261,0.691997,0.169771,0.142348,1.40581,0.343527,0.142865,0.965556,1.30559,0.524933,0.221005,1.0908
22,40,-0.567232,0.698132,0.174533,0.174533,-0.574261,0.691997,0.169771,0.142348,1.40581,0.343527,0.142865,0.965556,1.30559,0.524933,0.221005,1.0908
22,40,-0.567232,0.698132,0.174533,0.174533,-0.574261,0.691997,0.169771,0.142348,1.40581,0.343527,0.142865,0.965556,1.30559,0.524933,0.221005,1.0908
22,40,-0.567232,0.698132,0.174533,0.174533,-0.574261,0.691997,0.169771,0.142348,1.40581,0.343527,0.142865,0.965556,1.30559,0.524933,0.221005,1.0908
22,40,-0.567232,0.698132,0.174533,0.174533,-0.574261,0.691997,0.169771,0.142348,1.40581,0.343527,0.142865,0.965556,1.30559,0.524933,0.221005,1.0908
22,40,-0.567232,0.698132,0.174533,0.174533,-0.574261,0.691997,0.169771,0.142348,1.40581,0.343527,0.142865,0.965556,1.30559,0.524933,0.221005,1.0908
22,40,-0.567232,0.698132,0.174533,0.174533,-0.574261,0.691997,0.169771,0.142348,1.40581,0.343527,0.142865,0.965556,1.30559,0.524933,0.221005,1.0908
22,40,-0.567232,0.698132,0.174533,0.174533,-0.574261,0.691997,0.169771,0.142348,1.40581,0.343527,0.142865,0.965556,1.30559,0.524933,0.221005,1.0908
22,40,-0.567232,0.698132,0.174533,0.174533,-0.574261,0.691997,0.169771,0.142348,1.40581,0.343527,0.142865,0.965556,1.30559,0.524933,0.221005,1.0908
22,40,-0.567232,0.698132,0.174533,0.174533,-0.574261,0.691997,0.169771,0.142348,1.40581,0.343527,0.142865,0.965556,1.30559,0.524933,0.221005,1.0908
22,40,-0.567232,0.698132,0.174533,0.174533,-0.574261,0.691997,0.169771,0.142348,1.40581,0.343527,0.142865,0.965556,1.30559,0.524933,0.221005,1.0908
22,40,-0.567232,0.698132,0.174533,0.174533,-0.574261,0.691997,0.169771,0.142348,1.40581,0.343527,0.142865,0.965556,1.30559,0.524933,0.221005,1.0908
22,40,-0.567232,0.698132,0.174533,0.174533,-0.574261,0.691997,0.169771,0.142348,1.40581,0.343527,0.142865,0.965556,1.30559,0.524933,0.221005,1.0908
22,40,-0.567232,0.698132,0.174533,0.174533,-0.574261,0.691997,0.169771,0.142348,1.40581,0.343527,0.142865,0.965556,1.30559,0.524933,0.221005,1.0908
22,40,-0.567232,0.698132,0.174533,0.174533,-0.574261,0.691997,0.169771,0.142348,1.40581,0.343527,0.142865,0.965556,1.30559,0.524933,0.221005,1.0908
22,40,-0.567232,0.698132,0.174533,0.174533,-0.574261,0.691997,0.169771,0.142348,1.40581,0.343527,0.142865,0.965556,1.30559,0.524933,0.221005,1.0908
22,40,-0.567232,0.698132,0.174533,0.174533,-0.574261,0.691997,0.169771,0.142348,1.40581,0.343527,0.142865,0.965556,1.30559,0.524933,0.221005,1.0908
22,40,-0.567232,0.698132,0.174533,0.174533,-0.574261,0.691997,0.169771,0.142348,1.40581,0.343527,0.142865,0.965556,1.30559,0.524933,0.221005,1.0908
22,40,-0.567232,0.698132,0.174533,0.174533,-0.574261,0.691997,0.169771,0.142348,1.40581,0.343527,0.142865,0.965556,1.30559,0.524933,0.221005,1.0908
22,40,-0.567232,0.698132,0.174533,0.174533,-0.574261,0.691997,0.169771,0.142348,1.40581,0.343527,0.142865,0.965556,1.30559,0.524933,0.221005,1.0908
22,40,-0.567232,0.698132,0.174533,0.174533,-0.574261,0.691997,0.169771,0.142348,1.40581,0.343527,0.142865,0.965556,1.30559,0.524933,0.221005,1.0908
22,40,-0.567232,0.698132,0.174533,0.174533,-0.574261,0.691997,0.169771,0.142348,1.40581,0.343527,0.142865,0.965556,1.30559,0.524933,0.221005,1.0908
22,40,-0.567232,0.698132,0.174533,0.174533,-0.574261,0.691997,0.169771,0.142348,1.40581,0.343527,0.142865,0.965556,1.30559,0.524933,0.221005,1.0908
22,40,-0.567232,0.698132,0.174533,0.174533,-0.574261,0.691997,0.169771,0.142348,1.40581,0.343527,0.142865,0.965556,1.30559,0.524933,0.221005,1.0908
22,40,-0.567232,0.698132,0.174533,0.174533,-0.574261,0.691997,0.169771,0.142348,1.40581,0.343527,0.142865,0.965556,1.30559,0.524933,0.221005,1.0908
22,40,-0.567232,0.698132,0.174533,0.174533,-0.574261,0.691997,0.169771,0.142348,1.40581,0.343527,0.142865,0.965556,1.30559,0.524933,0.221005,1.0908
22,40,-0.567232,0.698132,0.174533,0.174533,-0.574261,0.691997,0.169771,0.142348,1.40581,0.343527,0.142865,0.965556,1.30559,0.524933,0.221005,1.0908
22,40,-0.567232,0.698132,0.174533,0.174533,-0.574261,0.691997,0.169771,0.142348,1.40581,0.343527,0.142865,0.965556,1.30559,0.524933,0.221005,1.0908
22,40,-0.567232,0.698132,0.174533,0.174533,-0.574261,0.691997,0.169771,0.142348,1.40581,0.343527,0.142865,0.965556,1.30559,0.524933,0.221005,1.0908
22,40,-0.567232,0.698132,0.174533,0.174533,-0.574261,0.691997,0.169771,0.142348,1.40581,0.343527,0.142865,0.965556,1.30559,0.524933,0.221005,1.0908
22,40,-0.567232,0.698132,0.174533,0.174533,-0.574261,0.691997,0.169771,0.142348,1.40581,0.343527,0.142865,0.965556,1.30559,0.524933,0.221005,1.0908
22,40,-0.567232,0.698132,0.174533,0.174533,-0.574261,0.691997,0.169771,0.142348,1.40581,0.343527,0.142865,0.965556,1.30559,0.524933,0.221005,1.0908
22,40,-0.567232,0.698132,0.174533,0.174533,-0.574261,0.691997,0.169771,0.142348,1.40581,0.343527,0.142865,0.965556,1.30559,0.524933,0.221005,1.0908
22,40,-0.567232,0.698132,0.174533,0.174533,-0.574261,0.691997,0.169771,0.142348,1.40581,0.343527,0.142865,0.965556,1.30559,0.524933,0.221005,1.0908
22,40,-0.567232,0.698132,0.174533,0.174533,-0.574261,0.691997,0.169771,0.142348,1.40581,0.343527,0.142865,0.965556,1.30559,0.524933,0.221005,1.0908
22,40,-0.567232,0.698132,0.174533,0.174533,-0.574261,0.691997,0.169771,0.142348,1.40581,0.343527,0.142865,0.965556,1.30559,0.524933,0.221005,1.0908
22,40,-0.567232,0.698132,0.174533,0.174533,-0.574261,0.691997,0.169771,0.142348,1.40581,0.343527,0.142865,0.965556,1.30559,0.524933,0.221005,1.0908
22,40,-0.567232,0.698132,0.174533,0.174533,-0.574261,0.691997,0.169771,0.142348,1.40581,0.343527,0.142865,0.965556,1.30559,0.524933,0.221005,1.0908
22,40,-0.567232,0.698132,0.174533,0.174533,-0.574261,0.691997,0.169771,0.142348,1.40581,0.343527,0.142865,0.965556,1.30559,0.524933,0.221005,1.0908
22,40,-0.567232,0.698132,0.174533,0.174533,-0.574261,0.691997,0.169771,0.142348,1.40581,0.343527,0.142865,0.965556,1.30559,0.524933,0.221005,1.0908
22,40,-0.567232,0.698132,0.174533,0.174533,-0.574261,0.691997,0.169771,0.142348,1.40581,0.343527,0.142865,0.965556,1.30559,0.524933,0.221005,1.0908
22,40,-0.567232,0.698132,0.174533,0.174533,-0.574261,0.691997,0.169771,0.142348,1.40581,0.343527,0.142865,0.965556,1.30559,0.524933,0.221005,1.0908
22,40,-0.567232,0.698132,0.174533,0.174533,-0.574261,0.691997,0.169771,0.142348,1.40581,0.343527,0.142865,0.965556,1.30559,0.524933,0.221005,1.0908
22,40,-0.567232,0.698132,0.174533,0.174533,-0.574261,0.691997,0.169771,0.142348,1.40581,0.343527,0.142865,0.965556,1.30559,0.524933,0.221005,1.0908
22,40,-0.567232,0.698132,0.174533,0.174533,-0.574261,0.691997,0.169771,0.142348,1.40581,0.343527,0.142865,0.965556,1.30559,0.524933,0.221005,1.0908
22,40,-0.567232,0.698132,0.174533,0.174533,-0.574261,0.691997,0.169771,0.142348,1.40581,0.343527,0.142865,0.965556,1.30559,0.524933,0.221005,1.0908
22,40,-0.567232,0.698132,0.174533,0.174533,-0.574261,0.691997,0.169771,0.142348,1.40581,0.343527,0.142865,0.965556,1.30559,0.524933,0.221005,1.0908
22,40,-0.567232,0.698132,0.174533,0.174533,-0.574261,0.691997,0.169771,0.142348,1.40581,0.343527,0.142865,0.965556,1.30559,0.524933,0.221005,1.0908
22,40,-0.567232,0.698132,0.174533,0.174533,-0.574261,0.691997,0.169771,0.142348,1.40581,0.343527,0.142865,0.965556,1.30559,0.524933,0.221005,1.0908
22,40,-0.567232,0.698132,0.174533,0.174533,-0.574261,0.691997,0.169771,0.142348,1.40581,0.343527,0.142865,0.965556,1.30559,0.524933,0.221005,1.0908
22,40,-0.567232,0.698132,0.174533,0.174533,-0.574261,0.691997,0.169771,0.142348,1.40581,0.343527,0.142865,0.965556,1.30559,0.524933,0.221005,1.0908
22,40,-0.567232,0.698132,0.174533,0.174533,-0.574261,0.691997,0.169771,0.142348,1.40581,0.343527,0.142865,0.965556,1.30559,0.524933,0.221005,1.0908
22,40,-0.567232,0.698132,0.174533,0.174533,-0.574261,0.691997,0.169771,0.142348,1.40581,0.343527,0.142865,0.965556,1.30559,0.524933,0.221005,1.0908
22,40,-0.567232,0.698132,0.174533,0.174533,-0.574261,0.691997,0.169771,0.142348,1.40581,0.343527,0.142865,0.965556,1.30559,0.524933,0.221005,1.0908
22,40,-0.567232,0.698132,0.174533,0.174533,-0.574261,0.691997,0.169771,0.142348,1.40581,0.343527,0.142865,0.965556,1.30559,0.524933,0.221005,1.0908
22,40,-0.567232,0.698132,0.174533,0.174533,-0.574261,0.691997,0.169771,0.142348,1.40581,0.343527,0.142865,0.965556,1.30559,0.524933,0.221005,1.0908
22,40,-0.567232,0.698132,0.174533,0.174533,-0.574261,0.691997,0.169771,0.142348,1.40581,0.343527,0.142865,0.965556,1.30559,0.524933,0.221005,1.0908
22,40,-0.567232,0.698132,0.174533,0.174533,-0.574261,0.691997,0.169771,0.142348,1.40581,0.343527,0.142865,0.965556,1.30559,0.524933,0.221005,1.0908
22,40,-0.567232,0.698132,0.174533,0.174533,-0.574261,0.691997,0.169771,0.142348,1.40581,0.343527,0.142865,0.965556,1.30559,0.524933,0.221005,1.0908
22,40,-0.567232,0.698132,0.174533,0.174533,-0.574261,0.691997,0.169771,0.142348,1.40581,0.343527,0.142865,0.965556,1.30559,0.524933,0.221005,1.0908
22,40,-0.567232,0.698132,0.174533,0.174533,-0.574261,0.691997,0.169771,0.142348,1.40581,0.343527,0.142865,0.965556,1.30559,0.524933,0.221005,1.0908
22,40,-0.567232,0.698132,0.174533,0.174533,-0.574261,0.691997,0.169771,0.142348,1.40581,0.343527,0.142865,0.965556,1.30559,0.524933,0.221005,1.0908
22,40,-0.567232,0.698132,0.174533,0.174533,-0.574261,0.691997,0.169771,0.142348,1.40581,0.343527,0.142865,0.965556,1.30559,0.524933,0.221005,1.0908
22,40,-0.567232,0.698132,0.174533,0.174533,-0.574261,0.691997,0.169819,0.142381,1.40581,0.343527,0.141431,0.96456,1.30559,0.524933,0.221005,1.0908
22,40,-0.567232,0.698132,0.174533,0.174533,-0.574261,0.691997,0.169819,0.142381,1.40581,0.343527,0.141431,0.96456,1.30559,0.524933,0.221005,1.0908
22,40,-0.567232,0.698132,0.174533,0.174533,-0.574261,0.691997,0.169819,0.142381,1.40581,0.343527,0.141431,0.96456,1.30559,0.524933,0.221005,1.0908
22,40,-0.567232,0.698132,0.174533,0.174533,-0.574261,0.691997,0.169819,0.142381,1.40581,0.343527,0.141431,0.96456,1.30559,0.524933,0.221005,1.0908
22,40,-0.567232,0.698132,0.174533,0.174533,-0.574261,0.691997,0.169819,0.142381,1.40581,0.343527,0.141431,0.96456,1.30559,0.524933,0.221005,1.0908
22,40,-0.567232,0.698132,0.174533,0.174533,-0.574261,0.691997,0.169819,0.142381,1.40581,0.343527,0.141431,0.96456,1.30559,0.524933,0.221005,1.0908
22,40,-0.567232,0.698132,0.174533,0.174533,-0.574261,0.691997,0.169819,0.142381,1.40581,0.343527,0.141431,0.96456,1.30559,0.524933,0.221005,1.0908
22,40,-0.567232,0.698132,0.174533,0.174533,-0.574261,0.691997,0.169819,0.142381,1.40581,0.343527,0.141431,0.96456,1.30559,0.524933,0.221005,1.0908
22,40,-0.567232,0.698132,0.174533,0.174533,-0.574261,0.691997,0.169819,0.142381,1.40581,0.343527,0.141431,0.96456,1.30559,0.524933,0.221005,1.0908
22,40,-0.567232,0.698132,0.174533,0.174533,-0.574261,0.691997,0.169819,0.142381,1.40581,0.343527,0.141431,0.96456,1.30559,0.524933,0.221005,1.0908
22,40,-0.567232,0.698132,0.174533,0.174533,-0.574261,0.691997,0.169819,0.142381,1.40581,0.343527,0.141431,0.96456,1.30559,0.524933,0.221005,1.0908
22,40,-0.567232,0.698132,0.174533,0.174533,-0.574261,0.691997,0.169819,0.142381,1.40581,0.343527,0.141431,0.96456,1.30559,0.524933,0.221005,1.0908
22,40,-0.567232,0.698132,0.174533,0.174533,-0.574261,0.691997,0.169819,0.142381,1.40581,0.343527,0.141431,0.96456,1.30559,0.524933,0.221005,1.0908
22,40,-0.567232,0.698132,0.174533,0.174533,-0.574261,0.691997,0.169819,0.142381,1.40581,0.343527,0.141431,0.96456,1.30559,0.524933,0.221005,1.0908
22,40,-0.567232,0.698132,0.174533,0.174533,-0.574261,0.691997,0.169819,0.142381,1.40581,0.343527,0.141431,0.96456,1.30559,0.524933,0.221005,1.0908
22,40,-0.567232,0.698132,0.174533,0.174533,-0.574261,0.691997,0.169819,0.142381,1.40581,0.343527,0.141431,0.96456,1.30559,0.524933,0.221005,1.0908
22,40,-0.567232,0.698132,0.174533,0.174533,-0.574261,0.691997,0.169819,0.142381,1.40581,0.343527,0.141431,0.96456,1.30559,0.524933,0.221005,1.0908
22,40,-0.567232,0.698132,0.174533,0.174533,-0.574261,0.691997,0.169819,0.142381,1.40581,0.343527,0.141431,0.96456,1.30559,0.524933,0.221005,1.0908
22,40,-0.567232,0.698132,0.174533,0.174533,-0.574261,0.691997,0.169819,0.142381,1.40581,0.343527,0.141431,0.96456,1.30559,0.524933,0.221005,1.0908
22,40,-0.567232,0.698132,0.174533,0.174533,-0.574261,0.691997,0.169819,0.142381,1.40581,0.343527,0.141431,0.96456,1.30559,0.524933,0.221005,1.0908
22,40,-0.567232,0.698132,0.174533,0.174533,-0.574261,0.691997,0.169819,0.142381,1.40581,0.343527,0.141431,0.96456,1.30559,0.524933,0.221005,1.0908
22,40,-0.567232,0.698132,0.174533,0.174533,-0.574261,0.691997,0.169819,0.142381,1.40581,0.343527,0.141431,0.96456,1.30559,0.524933,0.221005,1.0908
22,40,-0.567232,0.698132,0.174533,0.174533,-0.574261,0.691997,0.169819,0.142381,1.40581,0.343527,0.141431,0.96456,1.30559,0.524933,0.221005,1.0908
22,40,-0.567232,0.698132,0.174533,0.174533,-0.574261,0.691997,0.169819,0.142381,1.40581,0.343527,0.141431,0.96456,1.30559,0.524933,0.221005,1.0908
22,40,-0.567232,0.698132,0.174533,0.174533,-0.574261,0.691997,0.169819,0.142381,1.40581,0.343527,0.141431,0.96456,1.30559,0.524933,0.221005,1.0908
22,40,-0.567232,0.698132,0.174533,0.174533,-0.574261,0.691997,0.169819,0.142381,1.40581,0.343527,0.141431,0.96456,1.30559,0.524933,0.221005,1.0908
22,40,-0.567232,0.698132,0.174533,0.174533,-0.574261,0.691997,0.169819,0.142381,1.40581,0.343527,0.141431,0.96456,1.30559,0.524933,0.221005,1.0908
22,40,-0.567232,0.698132,0.174533,0.174533,-0.574261,0.691997,0.169819,0.142381,1.40581,0.343527,0.141431,0.96456,1.30559,0.524933,0.221005,1.0908
22,40,-0.567232,0.698132,0.174533,0.174533,-0.574261,0.691997,0.169819,0.142381,1.40581,0.343527,0.141431,0.96456,1.30559,0.524933,0.221005,1.0908
22,40,-0.567232,0.698132,0.174533,0.174533,-0.574261,0.691997,0.169819,0.142381,1.40581,0.343527,0.141431,0.96456,1.30559,0.524933,0.221005,1.0908
22,40,-0.567232,0.698132,0.174533,0.174533,-0.574261,0.691997,0.169819,0.142381,1.40581,0.343527,0.141431,0.96456,1.30559,0.524933,0.221005,1.0908
22,40,-0.567232,0.698132,0.174533,0.174533,-0.574261,0.691997,0.169819,0.142381,1.40581,0.343527,0.141431,0.96456,1.30559,0.524933,0.221005,1.0908
22,40,-0.567232,0.698132,0.174533,0.174533,-0.574261,0.691997,0.169819,0.142381,1.40581,0.343527,0.141431,0.96456,1.30559,0.524933,0.221005,1.0908
22,40,-0.567232,0.698132,0.174533,0.174533,-0.574261,0.691997,0.169819,0.142381,1.40581,0.343527,0.141431,0.96456,1.30559,0.524933,0.221005,1.0908
22,40,-0.567232,0.698132,0.174533,0.174533,-0.574261,0.691997,0.169819,0.142381,1.40581,0.343527,0.141431,0.96456,1.30559,0.524933,0.221005,1.0908
22,40,-0.567232,0.698132,0.174533,0.174533,-0.574261,0.691997,0.169819,0.142381,1.40581,0.343527,0.141431,0.96456,1.30559,0.524933,0.221005,1.0908
22,40,-0.567232,0.698132,0.174533,0.174533,-0.574261,0.691997,0.169819,0.142381,1.40581,0.343527,0.141431,0.96456,1.30559,0.524933,0.221005,1.0908
22,40,-0.567232,0.698132,0.174533,0.174533,-0.574261,0.691997,0.169819,0.142381,1.40581,0.343527,0.141431,0.96456,1.30559,0.524933,0.221005,1.0908
22,40,-0.567232,0.698132,0.174533,0.174533,-0.574261,0.691997,0.169819,0.142381,1.40581,0.343527,0.141431,0.96456,1.30559,0.524933,0.221005,1.0908
22,40,-0.567232,0.698132,0.174533,0.174533,-0.574261,0.691997,0.169819,0.142381,1.40581,0.343527,0.141431,0.96456,1.30559,0.524933,0.221005,1.0908
22,40,-0.567232,0.698132,0.174533,0.174533,-0.574261,0.691997,0.169819,0.142381,1.40581,0.343527,0.141431,0.96456,1.30559,0.524933,0.221005,1.0908
22,40,-0.567232,0.698132,0.174533,0.174533,-0.574261,0.691997,0.169819,0.142381,1.40581,0.343527,0.141431,0.96456,1.30559,0.524933,0.221005,1.0908
22,40,-0.567232,0.698132,0.174533,0.174533,-0.574261,0.691997,0.169819,0.142381,1.40581,0.343527,0.141431,0.96456,1.30559,0.524933,0.221005,1.0908
22,40,-0.567232,0.698132,0.174533,0.174533,-0.574261,0.691997,0.169819,0.142381,1.40581,0.343527,0.141431,0.96456,1.30559,0.524933,0.221005,1.0908
22,40,-0.567232,0.698132,0.174533,0.174533,-0.574261,0.691997,0.169819,0.142381,1.40581,0.343527,0.141431,0.96456,1.30559,0.524933,0.221005,1.0908
22,40,-0.567232,0.698132,0.174533,0.174533,-0.574261,0.691997,0.169819,0.142381,1.40581,0.343527,0.141431,0.96456,1.30559,0.524933,0.221005,1.0908
22,40,-0.567232,0.698132,0.174533,0.174533,-0.574261,0.691997,0.169819,0.142381,1.40581,0.343527,0.141431,0.96456,1.30559,0.524933,0.221005,1.0908
22,40,-0.567232,0.698132,0.174533,0.174533,-0.574261,0.691997,0.169819,0.142381,1.40581,0.343527,0.141431,0.96456,1.30559,0.524933,0.221005,1.0908
22,40,-0.567232,0.698132,0.174533,0.174533,-0.574261,0.691997,0.169819,0.142381,1.40581,0.343527,0.141431,0.96456,1.30559,0.524933,0.221005,1.0908
22,40,-0.567232,0.698132,0.174533,0.174533,-0.574261,0.691997,0.169819,0.142381,1.40581,0.343527,0.141431,0.96456,1.30559,0.524933,0.221005,1.0908
22,40,-0.567232,0.698132,0.174533,0.174533,-0.574261,0.691997,0.169819,0.142381,1.40581,0.343527,0.141431,0.96456,1.30559,0.524933,0.221005,1.0908
22,40,-0.567232,0.698132,0.174533,0.174533,-0.574261,0.691997,0.169819,0.142381,1.40581,0.343527,0.141431,0.96456,1.30559,0.524933,0.221005,1.0908
22,40,-0.567232,0.698132,0.174533,0.174533,-0.574261,0.691997,0.169819,0.142381,1.40581,0.343527,0.141431,0.96456,1.30559,0.524933,0.221005,1.0908
22,40,-0.567232,0.698132,0.174533,0.174533,-0.574261,0.691997,0.169819,0.142381,1.40581,0.343527,0.141431,0.96456,1.30559,0.524933,0.221005,1.0908
22,40,-0.567232,0.698132,0.174533,0.174533,-0.574261,0.691997,0.169819,0.142381,1.40581,0.343527,0.141431,0.96456,1.30559,0.524933,0.221005,1.0908
22,40,-0.567232,0.698132,0.174533,0.174533,-0.574261,0.691997,0.169819,0.142381,1.40581,0.343527,0.141431,0.96456,1.30559,0.524933,0.221005,1.0908
22,40,-0.567232,0.698132,0.174533,0.174533,-0.574261,0.691997,0.169819,0.142381,1.40581,0.343527,0.141431,0.96456,1.30559,0.524933,0.221005,1.0908
22,40,-0.567232,0.698132,0.174533,0.174533,-0.574261,0.691997,0.169819,0.142381,1.40581,0.343527,0.141431,0.96456,1.30559,0.524933,0.221005,1.0908
22,40,-0.567232,0.698132,0.174533,0.174533,-0.574261,0.691997,0.169819,0.142381,1.40581,0.343527,0.141431,0.96456,1.30559,0.524933,0.221005,1.0908
22,40,-0.567232,0.698132,0.174533,0.174533,-0.574261,0.691997,0.169819,0.142381,1.40581,0.343527,0.141431,0.96456,1.30559,0.524933,0.221005,1.0908
22,40,-0.567232,0.698132,0.174533,0.174533,-0.574261,0.691997,0.169819,0.142381,1.40581,0.343527,0.141431,0.96456,1.30559,0.524933,0.221005,1.0908
22,40,-0.567232,0.698132,0.174533,0.174533,-0.574261,0.691997,0.169866,0.142414,1.40581,0.343527,0.139997,0.963564,1.30559,0.524933,0.221005,1.0908
22,40,-0.567232,0.698132,0.174533,0.174533,-0.574261,0.691997,0.169866,0.142414,1.40581,0.343527,0.139997,0.963564,1.30559,0.524933,0.221005,1.0908
22,40,-0.567232,0.698132,0.174533,0.174533,-0.574261,0.691997,0.169866,0.142414,1.40581,0.343527,0.139997,0.963564,1.30559,0.524933,0.221005,1.0908
22,40,-0.567232,0.698132,0.174533,0.174533,-0.574261,0.691997,0.169866,0.142414,1.40581,0.343527,0.139997,0.963564,1.30559,0.524933,0.221005,1.0908
22,40,-0.567232,0.698132,0.174533,0.174533,-0.574261,0.691997,0.169866,0.142414,1.40581,0.343527,0.139997,0.963564,1.30559,0.524933,0.221005,1.0908
22,40,-0.567232,0.698132,0.174533,0.174533,-0.574261,0.691997,0.169866,0.142414,1.40581,0.343527,0.139997,0.963564,1.30559,0.524933,0.221005,1.0908
22,40,-0.567232,0.698132,0.174533,0.174533,-0.574261,0.691997,0.169866,0.142414,1.40581,0.343527,0.139997,0.963564,1.30559,0.524933,0.221005,1.0908
22,40,-0.567232,0.698132,0.174533,0.174533,-0.574261,0.691997,0.169866,0.142414,1.40581,0.343527,0.139997,0.963564,1.30559,0.524933,0.221005,1.0908
22,40,-0.567232,0.698132,0.174533,0.174533,-0.574261,0.691997,0.169866,0.142414,1.40581,0.343527,0.139997,0.963564,1.30559,0.524933,0.221005,1.0908
22,40,-0.567232,0.698132,0.174533,0.174533,-0.574261,0.691997,0.169866,0.142414,1.40581,0.343527,0.139997,0.963564,1.30559,0.524933,0.221005,1.0908
22,40,-0.567232,0.698132,0.174533,0.174533,-0.574261,0.691997,0.169866,0.142414,1.40581,0.343527,0.139997,0.963564,1.30559,0.524933,0.221005,1.0908
22,40,-0.567232,0.698132,0.174533,0.174533,-0.574261,0.691997,0.169866,0.142414,1.40581,0.343527,0.139997,0.963564,1.30559,0.524933,0.221005,1.0908
22,40,-0.567232,0.698132,0.174533,0.174533,-0.574261,0.691997,0.169866,0.142414,1.40581,0.343527,0.139997,0.963564,1.30559,0.524933,0.221005,1.0908
22,40,-0.567232,0.698132,0.174533,0.174533,-0.574261,0.691997,0.169866,0.142414,1.40581,0.343527,0.139997,0.963564,1.30559,0.524933,0.221005,1.0908
22,40,-0.567232,0.698132,0.174533,0.174533,-0.574261,0.691997,0.169866,0.142414,1.40581,0.343527,0.139997,0.963564,1.30559,0.524933,0.221005,1.0908
22,40,-0.567232,0.698132,0.174533,0.174533,-0.574261,0.691997,0.169866,0.142414,1.40581,0.343527,0.139997,0.963564,1.30559,0.524933,0.221005,1.0908
22,40,-0.567232,0.698132,0.174533,0.174533,-0.574261,0.691997,0.169866,0.142414,1.40581,0.343527,0.139997,0.963564,1.30559,0.524933,0.221005,1.0908
22,40,-0.567232,0.698132,0.174533,0.174533,-0.574261,0.691997,0.169866,0.142414,1.40581,0.343527,0.139997,0.963564,1.30559,0.524933,0.221005,1.0908
22,40,-0.567232,0.698132,0.174533,0.174533,-0.574261,0.691997,0.169866,0.142414,1.40581,0.343527,0.139997,0.963564,1.30559,0.524933,0.221005,1.0908
22,40,-0.567232,0.698132,0.174533,0.174533,-0.574261,0.691997,0.169866,0.142414,1.40581,0.343527,0.139997,0.963564,1.30559,0.524933,0.221005,1.0908
22,40,-0.567232,0.698132,0.174533,0.174533,-0.574261,0.691997,0.169866,0.142414,1.40581,0.343527,0.139997,0.963564,1.30559,0.524933,0.221005,1.0908
22,40,-0.567232,0.698132,0.174533,0.174533,-0.574261,0.691997,0.169866,0.142414,1.40581,0.343527,0.139997,0.963564,1.30559,0.524933,0.221005,1.0908
22,40,-0.567232,0.698132,0.174533,0.174533,-0.574261,0.691997,0.169866,0.142414,1.40581,0.343527,0.139997,0.963564,1.30559,0.524933,0.221005,1.0908
22,40,-0.567232,0.698132,0.174533,0.174533,-0.574261,0.691997,0.169866,0.142414,1.40581,0.343527,0.139997,0.963564,1.30559,0.524933,0.221005,1.0908
22,40,-0.567232,0.698132,0.174533,0.174533,-0.574261,0.691997,0.169866,0.142414,1.40581,0.343527,0.139997,0.963564,1.30559,0.524933,0.221005,1.0908
22,40,-0.567232,0.698132,0.174533,0.174533,-0.574261,0.691997,0.169866,0.142414,1.40581,0.343527,0.139997,0.963564,1.30559,0.524933,0.221005,1.0908
22,40,-0.567232,0.698132,0.174533,0.174533,-0.574261,0.691997,0.169866,0.142414,1.40581,0.343527,0.139997,0.963564,1.30559,0.524933,0.221005,1.0908
22,40,-0.567232,0.698132,0.174533,0.174533,-0.574261,0.691997,0.169866,0.142414,1.40581,0.343527,0.139997,0.963564,1.30559,0.524933,0.221005,1.0908
22,40,-0.567232,0.698132,0.174533,0.174533,-0.574261,0.691997,0.169866,0.142414,1.40581,0.343527,0.139997,0.963564,1.30559,0.524933,0.221005,1.0908
22,40,-0.567232,0.698132,0.174533,0.174533,-0.574261,0.691997,0.169866,0.142414,1.40581,0.343527,0.139997,0.963564,1.30559,0.524933,0.221005,1.0908
22,40,-0.567232,0.698132,0.174533,0.174533,-0.574261,0.691997,0.169866,0.142414,1.40581,0.343527,0.139997,0.963564,1.30559,0.524933,0.221005,1.0908
22,40,-0.567232,0.698132,0.174533,0.174533,-0.574261,0.691997,0.169866,0.142414,1.40581,0.343527,0.139997,0.963564,1.30559,0.524933,0.221005,1.0908
22,40,-0.567232,0.698132,0.174533,0.174533,-0.574261,0.691997,0.169866,0.142414,1.40581,0.343527,0.139997,0.963564,1.30559,0.524933,0.221005,1.0908
22,40,-0.567232,0.698132,0.174533,0.174533,-0.574261,0.691997,0.169866,0.142414,1.40581,0.343527,0.139997,0.963564,1.30559,0.524933,0.221005,1.0908
22,40,-0.567232,0.698132,0.174533,0.174533,-0.574261,0.691997,0.169866,0.142414,1.40581,0.343527,0.139997,0.963564,1.30559,0.524933,0.221005,1.0908
22,40,-0.567232,0.698132,0.174533,0.174533,-0.574261,0.691997,0.169866,0.142414,1.40581,0.343527,0.139997,0.963564,1.30559,0.524933,0.221005,1.0908
22,40,-0.567232,0.698132,0.174533,0.174533,-0.574261,0.691997,0.169866,0.142414,1.40581,0.343527,0.139997,0.963564,1.30559,0.524933,0.221005,1.0908
22,40,-0.567232,0.698132,0.174533,0.174533,-0.574261,0.691997,0.169866,0.142414,1.40581,0.343527,0.139997,0.963564,1.30559,0.524933,0.221005,1.0908
22,40,-0.567232,0.698132,0.174533,0.174533,-0.574261,0.691997,0.169866,0.142414,1.40581,0.343527,0.139997,0.963564,1.30559,0.524933,0.221005,1.0908
22,40,-0.567232,0.698132,0.174533,0.174533,-0.574261,0.691997,0.169866,0.142414,1.40581,0.343527,0.139997,0.963564,1.30559,0.524933,0.221005,1.0908
22,40,-0.567232,0.698132,0.174533,0.174533,-0.574261,0.691997,0.169866,0.142414,1.40581,0.343527,0.139997,0.963564,1.30559,0.524933,0.221005,1.0908
22,40,-0.567232,0.698132,0.174533,0.174533,-0.574261,0.691997,0.169866,0.142414,1.40581,0.343527,0.139997,0.963564,1.30559,0.524933,0.221005,1.0908
22,40,-0.567232,0.698132,0.174533,0.174533,-0.574261,0.691997,0.169866,0.142414,1.40581,0.343527,0.139997,0.963564,1.30559,0.524933,0.221005,1.0908
22,40,-0.567232,0.698132,0.174533,0.174533,-0.574261,0.691997,0.169866,0.142414,1.40581,0.343527,0.139997,0.963564,1.30559,0.524933,0.221005,1.0908
22,40,-0.567232,0.698132,0.174533,0.174533,-0.574261,0.691997,0.169866,0.142414,1.40581,0.343527,0.139997,0.963564,1.30559,0.524933,0.221005,1.0908
22,40,-0.567232,0.698132,0.174533,0.174533,-0.574261,0.691997,0.169866,0.142414,1.40581,0.343527,0.139997,0.963564,1.30559,0.524933,0.221005,1.0908
22,40,-0.567232,0.698132,0.174533,0.174533,-0.574261,0.691997,0.169866,0.142414,1.40581,0.343527,0.139997,0.963564,1.30559,0.524933,0.221005,1.0908
22,40,-0.567232,0.698132,0.174533,0.174533,-0.574261,0.691997,0.169866,0.142414,1.40581,0.343527,0.139997,0.963564,1.30559,0.524933,0.221005,1.0908
22,40,-0.567232,0.698132,0.174533,0.174533,-0.574261,0.691997,0.169866,0.142414,1.40581,0.343527,0.139997,0.963564,1.30559,0.524933,0.221005,1.0908
22,40,-0.567232,0.698132,0.174533,0.174533,-0.574261,0.691997,0.169866,0.142414,1.40581,0.343527,0.139997,0.963564,1.30559,0.524933,0.221005,1.0908
22,40,-0.567232,0.698132,0.174533,0.174533,-0.574261,0.691997,0.169866,0.142414,1.40581,0.343527,0.139997,0.963564,1.30559,0.524933,0.221005,1.0908
22,40,-0.567232,0.698132,0.174533,0.174533,-0.574261,0.691997,0.169866,0.142414,1.40581,0.343527,0.139997,0.963564,1.30559,0.524933,0.221005,1.0908
22,40,-0.567232,0.698132,0.174533,0.174533,-0.574261,0.691997,0.169866,0.142414,1.40581,0.343527,0.139997,0.963564,1.30559,0.524933,0.221005,1.0908
22,40,-0.567232,0.698132,0.174533,0.174533,-0.574261,0.691997,0.169866,0.142414,1.40581,0.343527,0.139997,0.963564,1.30559,0.524933,0.221005,1.0908
22,40,-0.567232,0.698132,0.174533,0.174533,-0.574261,0.691997,0.169866,0.142414,1.40581,0.343527,0.139997,0.963564,1.30559,0.524933,0.221005,1.0908
22,40,-0.567232,0.698132,0.174533,0.174533,-0.574261,0.691997,0.169866,0.142414,1.40581,0.343527,0.139997,0.963564,1.30559,0.524933,0.221005,1.0908
22,40,-0.567232,0.698132,0.174533,0.174533,-0.574261,0.691997,0.169866,0.142414,1.40581,0.343527,0.139997,0.963564,1.30559,0.524933,0.221005,1.0908
22,40,-0.567232,0.698132,0.174533,0.174533,-0.574261,0.691997,0.169866,0.142414,1.40581,0.343527,0.139997,0.963564,1.30559,0.524933,0.221005,1.0908
22,40,-0.567232,0.698132,0.174533,0.174533,-0.574261,0.691997,0.169866,0.142414,1.40581,0.343527,0.139997,0.963564,1.30559,0.524933,0.221005,1.0908
22,40,-0.567232,0.698132,0.174533,0.174533,-0.574261,0.691997,0.169866,0.142414,1.40581,0.343527,0.139997,0.963564,1.30559,0.524933,0.221005,1.0908
22,40,-0.567232,0.698132,0.174533,0.174533,-0.574261,0.691997,0.169866,0.142414,1.40581,0.343527,0.139997,0.963564,1.30559,0.524933,0.221005,1.0908
22,40,-0.567232,0.698132,0.174533,0.174533,-0.574261,0.691997,0.169866,0.142414,1.40581,0.343527,0.139997,0.963564,1.30559,0.524933,0.221005,1.0908
22,40,-0.567232,0.698132,0.174533,0.174533,-0.574261,0.691997,0.169866,0.142414,1.40581,0.343527,0.139997,0.963564,1.30559,0.524933,0.221005,1.0908
22,40,-0.567232,0.698132,0.174533,0.174533,-0.574261,0.691997,0.169866,0.142414,1.40581,0.343527,0.139997,0.963564,1.30559,0.524933,0.221005,1.0908
22,40,-0.567232,0.698132,0.174533,0.174533,-0.574261,0.691997,0.169866,0.142414,1.40581,0.343527,0.139997,0.963564,1.30559,0.524933,0.221005,1.0908
22,40,-0.567232,0.698132,0.174533,0.174533,-0.574261,0.691997,0.169866,0.142414,1.40581,0.343527,0.139997,0.963564,1.30559,0.524933,0.221005,1.0908
22,40,-0.567232,0.698132,0.174533,0.174533,-0.574261,0.691997,0.169866,0.142414,1.40581,0.343527,0.139997,0.963564,1.30559,0.524933,0.221005,1.0908
22,40,-0.567232,0.698132,0.174533,0.174533,-0.574261,0.691997,0.169866,0.142414,1.40581,0.343527,0.139997,0.963564,1.30559,0.524933,0.221005,1.0908
22,40,-0.567232,0.698132,0.174533,0.174533,-0.574261,0.691997,0.169866,0.142414,1.40581,0.343527,0.139997,0.963564,1.30559,0.524933,0.221005,1.0908
22,40,-0.567232,0.698132,0.174533,0.174533,-0.574261,0.691997,0.169866,0.142414,1.40581,0.343527,0.139997,0.963564,1.30559,0.524933,0.221005,1.0908
22,40,-0.567232,0.698132,0.174533,0.174533,-0.574261,0.691997,0.169866,0.142414,1.40581,0.343527,0.139997,0.963564,1.30559,0.524933,0.221005,1.0908
22,40,-0.567232,0.698132,0.174533,0.174533,-0.574261,0.691997,0.169866,0.142414,1.40581,0.343527,0.139997,0.963564,1.30559,0.524933,0.221005,1.0908
22,40,-0.567232,0.698132,0.174533,0.174533,-0.574261,0.691997,0.169866,0.142414,1.40581,0.343527,0.139997,0.963564,1.30559,0.524933,0.221005,1.0908
22,40,-0.567232,0.698132,0.174533,0.174533,-0.574261,0.691997,0.169866,0.142414,1.40581,0.343527,0.139997,0.963564,1.30559,0.524933,0.221005,1.0908
22,40,-0.567232,0.698132,0.174533,0.174533,-0.574261,0.691997,0.169866,0.142414,1.40581,0.343527,0.139997,0.963564,1.30559,0.524933,0.221005,1.0908
22,40,-0.567232,0.698132,0.174533,0.174533,-0.574261,0.691997,0.169866,0.142414,1.40581,0.343527,0.139997,0.963564,1.30559,0.524933,0.221005,1.0908
22,40,-0.567232,0.698132,0.174533,0.174533,-0.574261,0.691997,0.169866,0.142414,1.40581,0.343527,0.139997,0.963564,1.30559,0.524933,0.221005,1.0908
22,40,-0.567232,0.698132,0.174533,0.174533,-0.574261,0.691997,0.169866,0.142414,1.40581,0.343527,0.139997,0.963564,1.30559,0.524933,0.221005,1.0908
22,40,-0.567232,0.698132,0.174533,0.174533,-0.574261,0.691997,0.169866,0.142414,1.40581,0.343527,0.139997,0.963564,1.30559,0.524933,0.221005,1.0908
22,40,-0.567232,0.698132,0.174533,0.174533,-0.574261,0.691997,0.169866,0.142414,1.40581,0.343527,0.139997,0.963564,1.30559,0.524933,0.221005,1.0908
22,40,-0.567232,0.698132,0.174533,0.174533,-0.574261,0.691997,0.169866,0.142414,1.40581,0.343527,0.139997,0.963564,1.30559,0.524933,0.221005,1.0908
22,40,-0.567232,0.698132,0.174533,0.174533,-0.574261,0.691997,0.169866,0.142414,1.40581,0.343527,0.139997,0.963564,1.30559,0.524933,0.221005,1.0908
22,40,-0.567232,0.698132,0.174533,0.174533,-0.574261,0.691997,0.169866,0.142414,1.40581,0.343527,0.139997,0.963564,1.30559,0.524933,0.221005,1.0908
22,40,-0.567232,0.698132,0.174533,0.174533,-0.574261,0.691997,0.169866,0.142414,1.40581,0.343527,0.139997,0.963564,1.30559,0.524933,0.221005,1.0908
22,40,-0.567232,0.698132,0.174533,0.174533,-0.574261,0.691997,0.169866,0.142414,1.40581,0.343527,0.139997,0.963564,1.30559,0.524933,0.221005,1.0908
22,40,-0.567232,0.698132,0.174533,0.174533,-0.574261,0.691997,0.169866,0.142414,1.40581,0.343527,0.139997,0.963564,1.30559,0.524933,0.221005,1.0908
22,40,-0.567232,0.698132,0.174533,0.174533,-0.574261,0.691997,0.169866,0.142414,1.40581,0.343527,0.139997,0.963564,1.30559,0.524933,0.221005,1.0908
22,40,-0.567232,0.698132,0.174533,0.174533,-0.574261,0.691997,0.169866,0.142414,1.40581,0.343527,0.139997,0.963564,1.30559,0.524933,0.221005,1.0908
22,40,-0.567232,0.698132,0.174533,0.174533,-0.574261,0.691997,0.169866,0.142414,1.40581,0.343527,0.139997,0.963564,1.30559,0.524933,0.221005,1.0908
22,40,-0.567232,0.698132,0.174533,0.174533,-0.574261,0.691997,0.169866,0.142414,1.40581,0.343527,0.139997,0.963564,1.30559,0.524933,0.221005,1.0908
22,40,-0.567232,0.698132,0.174533,0.174533,-0.574261,0.691997,0.169866,0.142414,1.40581,0.343527,0.139997,0.963564,1.30559,0.524933,0.221005,1.0908
22,40,-0.567232,0.698132,0.174533,0.174533,-0.574261,0.691997,0.169866,0.142414,1.40581,0.343527,0.139997,0.963564,1.30559,0.524933,0.221005,1.0908
22,40,-0.567232,0.698132,0.174533,0.174533,-0.574261,0.691997,0.169866,0.142414,1.40581,0.343527,0.139997,0.963564,1.30559,0.524933,0.221005,1.0908
22,40,-0.567232,0.698132,0.174533,0.174533,-0.574261,0.691997,0.169866,0.142414,1.40581,0.343527,0.139997,0.963564,1.30559,0.524933,0.221005,1.0908
22,40,-0.567232,0.698132,0.174533,0.174533,-0.574261,0.691997,0.169866,0.142414,1.40581,0.343527,0.139997,0.963564,1.30559,0.524933,0.221005,1.0908
22,40,-0.567232,0.698132,0.174533,0.174533,-0.574261,0.691997,0.169866,0.142414,1.40581,0.343527,0.139997,0.963564,1.30559,0.524933,0.221005,1.0908
22,40,-0.567232,0.698132,0.174533,0.174533,-0.574261,0.691997,0.169866,0.142414,1.40581,0.343527,0.139997,0.963564,1.30559,0.524933,0.221005,1.0908
22,40,-0.567232,0.698132,0.174533,0.174533,-0.574261,0.691997,0.169866,0.142414,1.40581,0.343527,0.139997,0.963564,1.30559,0.524933,0.221005,1.0908
22,40,-0.567232,0.698132,0.174533,0.174533,-0.574261,0.691997,0.169866,0.142414,1.40581,0.343527,0.139997,0.963564,1.30559,0.524933,0.221005,1.0908
22,40,-0.567232,0.698132,0.174533,0.174533,-0.574261,0.691997,0.169866,0.142414,1.40581,0.343527,0.139997,0.963564,1.30559,0.524933,0.221005,1.0908
22,40,-0.567232,0.698132,0.174533,0.174533,-0.574261,0.691997,0.169866,0.142414,1.40581,0.343527,0.139997,0.963564,1.30559,0.524933,0.221005,1.0908
22,40,-0.567232,0.698132,0.174533,0.174533,-0.574261,0.691997,0.169866,0.142414,1.40581,0.343527,0.139997,0.963564,1.30559,0.524933,0.221005,1.0908
22,40,-0.567232,0.698132,0.174533,0.174533,-0.574261,0.691997,0.169866,0.142414,1.40581,0.343527,0.139997,0.963564,1.30559,0.524933,0.221005,1.0908
22,40,-0.567232,0.698132,0.174533,0.174533,-0.574261,0.691997,0.169866,0.142414,1.40581,0.343527,0.139997,0.963564,1.30559,0.524933,0.221005,1.0908
22,40,-0.567232,0.698132,0.174533,0.174533,-0.574261,0.691997,0.169866,0.142414,1.40581,0.343527,0.139997,0.963564,1.30559,0.524933,0.221005,1.0908
22,40,-0.567232,0.698132,0.174533,0.174533,-0.574261,0.691997,0.169866,0.142414,1.40581,0.343527,0.139997,0.963564,1.30559,0.524933,0.221005,1.0908
22,40,-0.567232,0.698132,0.174533,0.174533,-0.574261,0.691997,0.169866,0.142414,1.40581,0.343527,0.139997,0.963564,1.30559,0.524933,0.221005,1.0908
22,40,-0.567232,0.698132,0.174533,0.174533,-0.574261,0.691997,0.169866,0.142414,1.40581,0.343527,0.139997,0.963564,1.30559,0.524933,0.221005,1.0908
22,40,-0.567232,0.698132,0.174533,0.174533,-0.574261,0.691997,0.169866,0.142414,1.40581,0.343527,0.139997,0.963564,1.30559,0.524933,0.221005,1.0908
22,40,-0.567232,0.698132,0.174533,0.174533,-0.574261,0.691997,0.169866,0.142414,1.40581,0.343527,0.139997,0.963564,1.30559,0.524933,0.221005,1.0908
22,40,-0.567232,0.698132,0.174533,0.174533,-0.574261,0.691997,0.169866,0.142414,1.40581,0.343527,0.139997,0.963564,1.30559,0.524933,0.221005,1.0908
22,40,-0.567232,0.698132,0.174533,0.174533,-0.574261,0.691997,0.169866,0.142414,1.40581,0.343527,0.139997,0.963564,1.30559,0.524933,0.221005,1.0908
22,40,-0.567232,0.698132,0.174533,0.174533,-0.574261,0.691997,0.169866,0.142414,1.40581,0.343527,0.139997,0.963564,1.30559,0.524933,0.221005,1.0908
22,40,-0.567232,0.698132,0.174533,0.174533,-0.574261,0.691997,0.169866,0.142414,1.40581,0.343527,0.139997,0.963564,1.30559,0.524933,0.221005,1.0908
22,40,-0.567232,0.698132,0.174533,0.174533,-0.574261,0.691997,0.169866,0.142414,1.40581,0.343527,0.139997,0.963564,1.30559,0.524933,0.221005,1.0908
22,40,-0.567232,0.698132,0.174533,0.174533,-0.574261,0.691997,0.169866,0.142414,1.40581,0.343527,0.139997,0.963564,1.30559,0.524933,0.221005,1.0908
22,40,-0.567232,0.698132,0.174533,0.174533,-0.574261,0.691997,0.169866,0.142414,1.40581,0.343527,0.139997,0.963564,1.30559,0.524933,0.221005,1.0908
22,40,-0.567232,0.698132,0.174533,0.174533,-0.574261,0.691997,0.169866,0.142414,1.40581,0.343527,0.139997,0.963564,1.30559,0.524933,0.221005,1.0908
22,40,-0.567232,0.698132,0.174533,0.174533,-0.574261,0.691997,0.169866,0.142414,1.40581,0.343527,0.139997,0.963564,1.30559,0.524933,0.221005,1.0908
22,40,-0.567232,0.698132,0.174533,0.174533,-0.574261,0.691997,0.169866,0.142414,1.40581,0.343527,0.139997,0.963564,1.30559,0.524933,0.221005,1.0908
22,40,-0.567232,0.698132,0.174533,0.174533,-0.574261,0.691997,0.169866,0.142414,1.40581,0.343527,0.139997,0.963564,1.30559,0.524933,0.221005,1.0908
22,40,-0.567232,0.698132,0.174533,0.174533,-0.574261,0.691997,0.169866,0.142414,1.40581,0.343527,0.139997,0.963564,1.30559,0.524933,0.221005,1.0908
22,40,-0.567232,0.698132,0.174533,0.174533,-0.574261,0.691997,0.169866,0.142414,1.40581,0.343527,0.139997,0.963564,1.30559,0.524933,0.221005,1.0908
22,40,-0.567232,0.698132,0.174533,0.174533,-0.574261,0.691997,0.169866,0.142414,1.40581,0.343527,0.139997,0.963564,1.30559,0.524933,0.221005,1.0908
22,40,-0.567232,0.698132,0.174533,0.174533,-0.574261,0.691997,0.169866,0.142414,1.40581,0.343527,0.139997,0.963564,1.30559,0.524933,0.221005,1.0908
22,40,-0.567232,0.698132,0.174533,0.174533,-0.574261,0.691997,0.169866,0.142414,1.40581,0.343527,0.139997,0.963564,1.30559,0.524933,0.221005,1.0908
22,40,-0.567232,0.698132,0.174533,0.174533,-0.574261,0.691997,0.169866,0.142414,1.40581,0.343527,0.139997,0.963564,1.30559,0.524933,0.221005,1.0908
22,40,-0.567232,0.698132,0.174533,0.174533,-0.574261,0.691997,0.169866,0.142414,1.40581,0.343527,0.139997,0.963564,1.30559,0.524933,0.221005,1.0908
22,40,-0.567232,0.698132,0.174533,0.174533,-0.574261,0.691997,0.169866,0.142414,1.40581,0.343527,0.139997,0.963564,1.30559,0.524933,0.221005,1.0908
22,40,-0.567232,0.698132,0.174533,0.174533,-0.574261,0.691997,0.169866,0.142414,1.40581,0.343527,0.139997,0.963564,1.30559,0.524933,0.221005,1.0908
22,40,-0.567232,0.698132,0.174533,0.174533,-0.574261,0.691997,0.169866,0.142414,1.40581,0.343527,0.139997,0.963564,1.30559,0.524933,0.221005,1.0908
22,40,-0.567232,0.698132,0.174533,0.174533,-0.574261,0.691997,0.169866,0.142414,1.40581,0.343527,0.139997,0.963564,1.30559,0.524933,0.221005,1.0908
22,40,-0.567232,0.698132,0.174533,0.174533,-0.574261,0.691997,0.169866,0.142414,1.40581,0.343527,0.139997,0.963564,1.30559,0.524933,0.221005,1.0908
22,40,-0.567232,0.698132,0.174533,0.174533,-0.574261,0.691997,0.169866,0.142414,1.40581,0.343527,0.139997,0.963564,1.30559,0.524933,0.221005,1.0908
22,40,-0.567232,0.698132,0.174533,0.174533,-0.574261,0.691997,0.169866,0.142414,1.40581,0.343527,0.139997,0.963564,1.30559,0.524933,0.221005,1.0908
22,40,-0.567232,0.698132,0.174533,0.174533,-0.574261,0.691997,0.169866,0.142414,1.40581,0.343527,0.139997,0.963564,1.30559,0.524933,0.221005,1.0908
22,40,-0.567232,0.698132,0.174533,0.174533,-0.574261,0.691997,0.169866,0.142414,1.40581,0.343527,0.139997,0.963564,1.30559,0.524933,0.221005,1.0908
22,40,-0.567232,0.698132,0.174533,0.174533,-0.574261,0.691997,0.169866,0.142414,1.40581,0.343527,0.139997,0.963564,1.30559,0.524933,0.221005,1.0908
22,40,-0.567232,0.698132,0.174533,0.174533,-0.574261,0.691997,0.169866,0.142414,1.40581,0.343527,0.139997,0.963564,1.30559,0.524933,0.221005,1.0908
22,40,-0.567232,0.698132,0.174533,0.174533,-0.574261,0.691997,0.169866,0.142414,1.40581,0.343527,0.139997,0.963564,1.30559,0.524933,0.221005,1.0908
22,40,-0.567232,0.698132,0.174533,0.174533,-0.574261,0.691997,0.169866,0.142414,1.40581,0.343527,0.139997,0.963564,1.30559,0.524933,0.221005,1.0908
22,40,-0.567232,0.698132,0.174533,0.174533,-0.574261,0.691997,0.169866,0.142414,1.40581,0.343527,0.139997,0.963564,1.30559,0.524933,0.221005,1.0908
22,40,-0.567232,0.698132,0.174533,0.174533,-0.574261,0.691997,0.169866,0.142414,1.40581,0.343527,0.139997,0.963564,1.30559,0.524933,0.221005,1.0908
22,40,-0.567232,0.698132,0.174533,0.174533,-0.574261,0.691997,0.169866,0.142414,1.40581,0.343527,0.139997,0.963564,1.30559,0.524933,0.221005,1.0908
22,40,-0.567232,0.698132,0.174533,0.174533,-0.574261,0.691997,0.169866,0.142414,1.40581,0.343527,0.139997,0.963564,1.30559,0.524933,0.221005,1.0908
22,40,-0.567232,0.698132,0.174533,0.174533,-0.574261,0.691997,0.169866,0.142414,1.40581,0.343527,0.139997,0.963564,1.30559,0.524933,0.221005,1.0908
22,40,-0.567232,0.698132,0.174533,0.174533,-0.574261,0.691997,0.169866,0.142414,1.40581,0.343527,0.139997,0.963564,1.30559,0.524933,0.221005,1.0908
22,40,-0.567232,0.698132,0.174533,0.174533,-0.574261,0.691997,0.169866,0.142414,1.40581,0.343527,0.139997,0.963564,1.30559,0.524933,0.221005,1.0908
22,40,-0.567232,0.698132,0.174533,0.174533,-0.574261,0.691997,0.169866,0.142414,1.40581,0.343527,0.139997,0.963564,1.30559,0.524933,0.221005,1.0908
22,40,-0.567232,0.698132,0.174533,0.174533,-0.574261,0.691997,0.169866,0.142414,1.40581,0.343527,0.139997,0.963564,1.30559,0.524933,0.221005,1.0908
22,40,-0.567232,0.698132,0.174533,0.174533,-0.574261,0.691997,0.169866,0.142414,1.40581,0.343527,0.139997,0.963564,1.30559,0.524933,0.221005,1.0908
22,40,-0.567232,0.698132,0.174533,0.174533,-0.574261,0.691997,0.169866,0.142414,1.40581,0.343527,0.139997,0.963564,1.30559,0.524933,0.221005,1.0908
22,40,-0.567232,0.698132,0.174533,0.174533,-0.574261,0.691997,0.169866,0.142414,1.40581,0.343527,0.139997,0.963564,1.30559,0.524933,0.221005,1.0908
22,40,-0.567232,0.698132,0.174533,0.174533,-0.574261,0.691997,0.169866,0.142414,1.40581,0.343527,0.139997,0.963564,1.30559,0.524933,0.221005,1.0908
22,40,-0.567232,0.698132,0.174533,0.174533,-0.574261,0.691997,0.169866,0.142414,1.40581,0.343527,0.139997,0.963564,1.30559,0.524933,0.221005,1.0908
22,40,-0.567232,0.698132,0.174533,0.174533,-0.574261,0.691997,0.169866,0.142414,1.40581,0.343527,0.139997,0.963564,1.30559,0.524933,0.221005,1.0908
22,40,-0.567232,0.698132,0.174533,0.174533,-0.574261,0.691997,0.169866,0.142414,1.40581,0.343527,0.139997,0.963564,1.30559,0.524933,0.221005,1.0908
22,40,-0.567232,0.698132,0.174533,0.174533,-0.574261,0.691997,0.169866,0.142414,1.40581,0.343527,0.139997,0.963564,1.30559,0.524933,0.221005,1.0908
22,40,-0.567232,0.698132,0.174533,0.174533,-0.574261,0.691997,0.169866,0.142414,1.40581,0.343527,0.139997,0.963564,1.30559,0.524933,0.221005,1.0908
22,40,-0.567232,0.698132,0.174533,0.174533,-0.574261,0.691997,0.169866,0.142414,1.40581,0.343527,0.139997,0.963564,1.30559,0.524933,0.221005,1.0908
22,40,-0.567232,0.698132,0.174533,0.174533,-0.574261,0.691997,0.169866,0.142414,1.40581,0.343527,0.139997,0.963564,1.30559,0.524933,0.221005,1.0908
22,40,-0.567232,0.698132,0.174533,0.174533,-0.574261,0.691997,0.169866,0.142414,1.40581,0.343527,0.139997,0.963564,1.30559,0.524933,0.221005,1.0908
22,40,-0.567232,0.698132,0.174533,0.174533,-0.574261,0.691997,0.169866,0.142414,1.40581,0.343527,0.139997,0.963564,1.30559,0.524933,0.221005,1.0908
22,40,-0.567232,0.698132,0.174533,0.174533,-0.574261,0.691997,0.169866,0.142414,1.40581,0.343527,0.139997,0.963564,1.30559,0.524933,0.221005,1.0908
22,40,-0.567232,0.698132,0.174533,0.174533,-0.574261,0.691997,0.169866,0.142414,1.40581,0.343527,0.139997,0.963564,1.30559,0.524933,0.221005,1.0908
22,40,-0.567232,0.698132,0.174533,0.174533,-0.574261,0.691997,0.169866,0.142414,1.40581,0.343527,0.139997,0.963564,1.30559,0.524933,0.221005,1.0908
22,40,-0.567232,0.698132,0.174533,0.174533,-0.574261,0.691997,0.169866,0.142414,1.40581,0.343527,0.139997,0.963564,1.30559,0.524933,0.221005,1.0908
22,40,-0.567232,0.698132,0.174533,0.174533,-0.574261,0.691997,0.169866,0.142414,1.40581,0.343527,0.139997,0.963564,1.30559,0.524933,0.221005,1.0908
22,40,-0.567232,0.698132,0.174533,0.174533,-0.574261,0.691997,0.169866,0.142414,1.40581,0.343527,0.139997,0.963564,1.30559,0.524933,0.221005,1.0908
22,40,-0.567232,0.698132,0.174533,0.174533,-0.574261,0.691997,0.169866,0.142414,1.40581,0.343527,0.139997,0.963564,1.30559,0.524933,0.221005,1.0908
22,40,-0.567232,0.698132,0.174533,0.174533,-0.574261,0.691997,0.169866,0.142414,1.40581,0.343527,0.139997,0.963564,1.30559,0.524933,0.221005,1.0908
22,40,-0.567232,0.698132,0.174533,0.174533,-0.574261,0.691997,0.169866,0.142414,1.40581,0.343527,0.139997,0.963564,1.30559,0.524933,0.221005,1.0908
22,40,-0.567232,0.698132,0.174533,0.174533,-0.574261,0.691997,0.169866,0.142414,1.40581,0.343527,0.139997,0.963564,1.30559,0.524933,0.221005,1.0908
22,40,-0.567232,0.698132,0.174533,0.174533,-0.574261,0.691997,0.169866,0.142414,1.40581,0.343527,0.139997,0.963564,1.30559,0.524933,0.221005,1.0908
22,40,-0.567232,0.698132,0.174533,0.174533,-0.574261,0.691997,0.169866,0.142414,1.40581,0.343527,0.139997,0.963564,1.30559,0.524933,0.221005,1.0908
22,40,-0.567232,0.698132,0.174533,0.174533,-0.574261,0.691997,0.169866,0.142414,1.40581,0.343527,0.139997,0.963564,1.30559,0.524933,0.221005,1.0908
22,40,-0.567232,0.698132,0.174533,0.174533,-0.574261,0.691997,0.169866,0.142414,1.40581,0.343527,0.139997,0.963564,1.30559,0.524933,0.221005,1.0908
22,40,-0.567232,0.698132,0.174533,0.174533,-0.574261,0.691997,0.169866,0.142414,1.40581,0.343527,0.139997,0.963564,1.30559,0.524933,0.221005,1.0908
22,40,-0.567232,0.698132,0.174533,0.174533,-0.574261,0.691997,0.169866,0.142414,1.40581,0.343527,0.139997,0.963564,1.30559,0.524933,0.221005,1.0908
22,40,-0.567232,0.698132,0.174533,0.174533,-0.574261,0.691997,0.169866,0.142414,1.40581,0.343527,0.139997,0.963564,1.30559,0.524933,0.221005,1.0908
22,40,-0.567232,0.698132,0.174533,0.174533,-0.574261,0.691997,0.169866,0.142414,1.40581,0.343527,0.139997,0.963564,1.30559,0.524933,0.221005,1.0908
22,40,-0.567232,0.698132,0.174533,0.174533,-0.574261,0.691997,0.169866,0.142414,1.40581,0.343527,0.139997,0.963564,1.30559,0.524933,0.221005,1.0908
22,40,-0.567232,0.698132,0.174533,0.174533,-0.574261,0.691997,0.169866,0.142414,1.40581,0.343527,0.139997,0.963564,1.30559,0.524933,0.221005,1.0908
22,40,-0.567232,0.698132,0.174533,0.174533,-0.574261,0.691997,0.169866,0.142414,1.40581,0.343527,0.139997,0.963564,1.30559,0.524933,0.221005,1.0908
22,40,-0.567232,0.698132,0.174533,0.174533,-0.574261,0.691997,0.169866,0.142414,1.40581,0.343527,0.139997,0.963564,1.30559,0.524933,0.221005,1.0908
22,40,-0.567232,0.698132,0.174533,0.174533,-0.574261,0.691997,0.169866,0.142414,1.40581,0.343527,0.139997,0.963564,1.30559,0.524933,0.221005,1.0908
22,40,-0.567232,0.698132,0.174533,0.174533,-0.574261,0.691997,0.169866,0.142414,1.40581,0.343527,0.139997,0.963564,1.30559,0.524933,0.221005,1.0908
22,40,-0.567232,0.698132,0.174533,0.174533,-0.574261,0.691997,0.169866,0.142414,1.40581,0.343527,0.139997,0.963564,1.30559,0.524933,0.221005,1.0908
22,40,-0.567232,0.698132,0.174533,0.174533,-0.574261,0.691997,0.169866,0.142414,1.40581,0.343527,0.139997,0.963564,1.30559,0.524933,0.221005,1.0908
22,40,-0.567232,0.698132,0.174533,0.174533,-0.574261,0.691997,0.169866,0.142414,1.40581,0.343527,0.139997,0.963564,1.30559,0.524933,0.221005,1.0908
22,40,-0.567232,0.698132,0.174533,0.174533,-0.574261,0.691997,0.169866,0.142414,1.40581,0.343527,0.139997,0.963564,1.30559,0.524933,0.221005,1.0908
22,40,-0.567232,0.698132,0.174533,0.174533,-0.574261,0.691997,0.169866,0.142414,1.40581,0.343527,0.139997,0.963564,1.30559,0.524933,0.221005,1.0908
22,40,-0.567232,0.698132,0.174533,0.174533,-0.574261,0.691997,0.169866,0.142414,1.40581,0.343527,0.139997,0.963564,1.30559,0.524933,0.221005,1.0908
22,40,-0.567232,0.698132,0.174533,0.174533,-0.574261,0.691997,0.169866,0.142414,1.40581,0.343527,0.139997,0.963564,1.30559,0.524933,0.221005,1.0908
22,40,-0.567232,0.698132,0.174533,0.174533,-0.574261,0.691997,0.169866,0.142414,1.40581,0.343527,0.139997,0.963564,1.30559,0.524933,0.221005,1.0908
22,40,-0.567232,0.698132,0.174533,0.174533,-0.574261,0.691997,0.169866,0.142414,1.40581,0.343527,0.139997,0.963564,1.30559,0.524933,0.221005,1.0908
22,40,-0.567232,0.698132,0.174533,0.174533,-0.574261,0.691997,0.169866,0.142414,1.40581,0.343527,0.139997,0.963564,1.30559,0.524933,0.221005,1.0908
22,40,-0.567232,0.698132,0.174533,0.174533,-0.574261,0.691997,0.169866,0.142414,1.40581,0.343527,0.139997,0.963564,1.30559,0.524933,0.221005,1.0908
22,40,-0.567232,0.698132,0.174533,0.174533,-0.574261,0.691997,0.169866,0.142414,1.40581,0.343527,0.139997,0.963564,1.30559,0.524933,0.221005,1.0908
22,40,-0.567232,0.698132,0.174533,0.174533,-0.574261,0.691997,0.169866,0.142414,1.40581,0.343527,0.139997,0.963564,1.30559,0.524933,0.221005,1.0908
22,40,-0.567232,0.698132,0.174533,0.174533,-0.574261,0.691997,0.169866,0.142414,1.40581,0.343527,0.139997,0.963564,1.30559,0.524933,0.221005,1.0908
22,40,-0.567232,0.698132,0.174533,0.174533,-0.574261,0.691997,0.169866,0.142414,1.40581,0.343527,0.139997,0.963564,1.30559,0.524933,0.221005,1.0908
22,40,-0.567232,0.698132,0.174533,0.174533,-0.574261,0.691997,0.169866,0.142414,1.40581,0.343527,0.139997,0.963564,1.30559,0.524933,0.221005,1.0908
22,40,-0.567232,0.698132,0.174533,0.174533,-0.574261,0.691997,0.169866,0.142414,1.40581,0.343527,0.139997,0.963564,1.30559,0.524933,0.221005,1.0908
22,40,-0.567232,0.698132,0.174533,0.174533,-0.574261,0.691997,0.169866,0.142414,1.40581,0.343527,0.139997,0.963564,1.30559,0.524933,0.221005,1.0908
22,40,-0.567232,0.698132,0.174533,0.174533,-0.574261,0.691997,0.169866,0.142414,1.40581,0.343527,0.139997,0.963564,1.30559,0.524933,0.221005,1.0908
22,40,-0.567232,0.698132,0.174533,0.174533,-0.574261,0.691997,0.169866,0.142414,1.40581,0.343527,0.139997,0.963564,1.30559,0.524933,0.221005,1.0908
22,40,-0.567232,0.698132,0.174533,0.174533,-0.574261,0.691997,0.169866,0.142414,1.40581,0.343527,0.139997,0.963564,1.30559,0.524933,0.221005,1.0908
22,40,-0.567232,0.698132,0.174533,0.174533,-0.574261,0.691997,0.169866,0.142414,1.40581,0.343527,0.139997,0.963564,1.30559,0.524933,0.221005,1.0908
22,40,-0.567232,0.698132,0.174533,0.174533,-0.574261,0.691997,0.169866,0.142414,1.40581,0.343527,0.139997,0.963564,1.30559,0.524933,0.221005,1.0908
22,40,-0.567232,0.698132,0.174533,0.174533,-0.574261,0.691997,0.169866,0.142414,1.40581,0.343527,0.139997,0.963564,1.30559,0.524933,0.221005,1.0908
22,40,-0.567232,0.698132,0.174533,0.174533,-0.574261,0.691997,0.169866,0.142414,1.40581,0.343527,0.139997,0.963564,1.30559,0.524933,0.221005,1.0908
22,40,-0.567232,0.698132,0.174533,0.174533,-0.574261,0.691997,0.169866,0.142414,1.40581,0.343527,0.139997,0.963564,1.30559,0.524933,0.221005,1.0908
22,40,-0.567232,0.698132,0.174533,0.174533,-0.574261,0.691997,0.169866,0.142414,1.40581,0.343527,0.139997,0.963564,1.30559,0.524933,0.221005,1.0908
22,40,-0.567232,0.698132,0.174533,0.174533,-0.574261,0.691997,0.169866,0.142414,1.40581,0.343527,0.139997,0.963564,1.30559,0.524933,0.221005,1.0908
22,40,-0.567232,0.698132,0.174533,0.174533,-0.574261,0.691997,0.169866,0.142414,1.40581,0.343527,0.139997,0.963564,1.30559,0.524933,0.221005,1.0908
22,40,-0.567232,0.698132,0.174533,0.174533,-0.574261,0.691997,0.169866,0.142414,1.40581,0.343527,0.139997,0.963564,1.30559,0.524933,0.221005,1.0908
22,40,-0.567232,0.698132,0.174533,0.174533,-0.574261,0.691997,0.169866,0.142414,1.40581,0.343527,0.139997,0.963564,1.30559,0.524933,0.221005,1.0908
22,40,-0.567232,0.698132,0.174533,0.174533,-0.574261,0.691997,0.169866,0.142414,1.40581,0.343527,0.139997,0.963564,1.30559,0.524933,0.221005,1.0908
22,40,-0.567232,0.698132,0.174533,0.174533,-0.574261,0.691997,0.169866,0.142414,1.40581,0.343527,0.139997,0.963564,1.30559,0.524933,0.221005,1.0908
22,40,-0.567232,0.698132,0.174533,0.174533,-0.574261,0.691997,0.169866,0.142414,1.40581,0.343527,0.139997,0.963564,1.30559,0.524933,0.221005,1.0908
22,40,-0.567232,0.698132,0.174533,0.174533,-0.574261,0.691997,0.169866,0.142414,1.40581,0.343527,0.139997,0.963564,1.30559,0.524933,0.221005,1.0908
22,40,-0.567232,0.698132,0.174533,0.174533,-0.574261,0.691997,0.169866,0.142414,1.40581,0.343527,0.139997,0.963564,1.30559,0.524933,0.221005,1.0908
22,40,-0.567232,0.698132,0.174533,0.174533,-0.574261,0.691997,0.169866,0.142414,1.40581,0.343527,0.139997,0.963564,1.30559,0.524933,0.221005,1.0908
22,40,-0.567232,0.698132,0.174533,0.174533,-0.574261,0.691997,0.169866,0.142414,1.40581,0.343527,0.139997,0.963564,1.30559,0.524933,0.221005,1.0908
22,40,-0.567232,0.698132,0.174533,0.174533,-0.574261,0.691997,0.169866,0.142414,1.40581,0.343527,0.139997,0.963564,1.30559,0.524933,0.221005,1.0908
22,40,-0.567232,0.698132,0.174533,0.174533,-0.574261,0.691997,0.169866,0.142414,1.40581,0.343527,0.139997,0.963564,1.30559,0.524933,0.221005,1.0908
22,40,-0.567232,0.698132,0.174533,0.174533,-0.574261,0.691997,0.169866,0.142414,1.40581,0.343527,0.139997,0.963564,1.30559,0.524933,0.221005,1.0908
22,40,-0.567232,0.698132,0.174533,0.174533,-0.574261,0.691997,0.169866,0.142414,1.40581,0.343527,0.139997,0.963564,1.30559,0.524933,0.221005,1.0908
22,40,-0.567232,0.698132,0.174533,0.174533,-0.574261,0.691997,0.169866,0.142414,1.40581,0.343527,0.139997,0.963564,1.30559,0.524933,0.221005,1.0908
22,40,-0.567232,0.698132,0.174533,0.174533,-0.574261,0.691997,0.169866,0.142414,1.40581,0.343527,0.139997,0.963564,1.30559,0.524933,0.221005,1.0908
22,40,-0.567232,0.698132,0.174533,0.174533,-0.574261,0.691997,0.169866,0.142414,1.40581,0.343527,0.139997,0.963564,1.30559,0.524933,0.221005,1.0908
22,40,-0.567232,0.698132,0.174533,0.174533,-0.574261,0.691997,0.169866,0.142414,1.40581,0.343527,0.139997,0.963564,1.30559,0.524933,0.221005,1.0908
22,40,-0.567232,0.698132,0.174533,0.174533,-0.574261,0.691997,0.169866,0.142414,1.40581,0.343527,0.139997,0.963564,1.30559,0.524933,0.221005,1.0908
22,40,-0.567232,0.698132,0.174533,0.174533,-0.574261,0.691997,0.169866,0.142414,1.40581,0.343527,0.139997,0.963564,1.30559,0.524933,0.221005,1.0908
22,40,-0.567232,0.698132,0.174533,0.174533,-0.574261,0.691997,0.169866,0.142414,1.40581,0.343527,0.139997,0.963564,1.30559,0.524933,0.221005,1.0908
22,40,-0.567232,0.698132,0.174533,0.174533,-0.574261,0.691997,0.169866,0.142414,1.40581,0.343527,0.139997,0.963564,1.30559,0.524933,0.221005,1.0908
22,40,-0.567232,0.698132,0.174533,0.174533,-0.574261,0.691997,0.169866,0.142414,1.40581,0.343527,0.139997,0.963564,1.30559,0.524933,0.221005,1.0908
22,40,-0.567232,0.698132,0.174533,0.174533,-0.574261,0.691997,0.169866,0.142414,1.40581,0.343527,0.139997,0.963564,1.30559,0.524933,0.221005,1.0908
22,40,-0.567232,0.698132,0.174533,0.174533,-0.574261,0.691997,0.169866,0.142414,1.40581,0.343527,0.139997,0.963564,1.30559,0.524933,0.221005,1.0908
22,40,-0.567232,0.698132,0.174533,0.174533,-0.574261,0.691997,0.169866,0.142414,1.40581,0.343527,0.139997,0.963564,1.30559,0.524933,0.221005,1.0908
22,40,-0.567232,0.698132,0.174533,0.174533,-0.574261,0.691997,0.169866,0.142414,1.40581,0.343527,0.139997,0.963564,1.30559,0.524933,0.221005,1.0908
22,40,-0.567232,0.698132,0.174533,0.174533,-0.574261,0.691997,0.169866,0.142414,1.40581,0.343527,0.139997,0.963564,1.30559,0.524933,0.221005,1.0908
22,40,-0.567232,0.698132,0.174533,0.174533,-0.574261,0.691997,0.169866,0.142414,1.40581,0.343527,0.139997,0.963564,1.30559,0.524933,0.221005,1.0908
22,40,-0.567232,0.698132,0.174533,0.174533,-0.574261,0.691997,0.169866,0.142414,1.40581,0.343527,0.139997,0.963564,1.30559,0.524933,0.221005,1.0908
22,40,-0.567232,0.698132,0.174533,0.174533,-0.574261,0.691997,0.169866,0.142414,1.40581,0.343527,0.139997,0.963564,1.30559,0.524933,0.221005,1.0908
22,40,-0.567232,0.698132,0.174533,0.174533,-0.574261,0.691997,0.169866,0.142414,1.40581,0.343527,0.139997,0.963564,1.30559,0.524933,0.221005,1.0908
22,40,-0.567232,0.698132,0.174533,0.174533,-0.574261,0.691997,0.169866,0.142414,1.40581,0.343527,0.139997,0.963564,1.30559,0.524933,0.221005,1.0908
22,40,-0.567232,0.698132,0.174533,0.174533,-0.574261,0.691997,0.169866,0.142414,1.40581,0.343527,0.139997,0.963564,1.30559,0.524933,0.221005,1.0908
22,40,-0.567232,0.698132,0.174533,0.174533,-0.574261,0.691997,0.169866,0.142414,1.40581,0.343527,0.139997,0.963564,1.30559,0.524933,0.221005,1.0908
22,40,-0.567232,0.698132,0.174533,0.174533,-0.574261,0.691997,0.169866,0.142414,1.40581,0.343527,0.139997,0.963564,1.30559,0.524933,0.221005,1.0908
22,40,-0.567232,0.698132,0.174533,0.174533,-0.574261,0.691997,0.169866,0.142414,1.40581,0.343527,0.139997,0.963564,1.30559,0.524933,0.221005,1.0908
22,40,-0.567232,0.698132,0.174533,0.174533,-0.574261,0.691997,0.169866,0.142414,1.40581,0.343527,0.139997,0.963564,1.30559,0.524933,0.221005,1.0908
22,40,-0.567232,0.698132,0.174533,0.174533,-0.574261,0.691997,0.169866,0.142414,1.40581,0.343527,0.139997,0.963564,1.30559,0.524933,0.221005,1.0908
22,40,-0.567232,0.698132,0.174533,0.174533,-0.574261,0.691997,0.169866,0.142414,1.40581,0.343527,0.139997,0.963564,1.30559,0.524933,0.221005,1.0908
22,40,-0.567232,0.698132,0.174533,0.174533,-0.574261,0.691997,0.169866,0.142414,1.40581,0.343527,0.139997,0.963564,1.30559,0.524933,0.221005,1.0908
22,40,-0.567232,0.698132,0.174533,0.174533,-0.574261,0.691997,0.169866,0.142414,1.40581,0.343527,0.139997,0.963564,1.30559,0.524933,0.221005,1.0908
22,40,-0.567232,0.698132,0.174533,0.174533,-0.574261,0.691997,0.169866,0.142414,1.40581,0.343527,0.139997,0.963564,1.30559,0.524933,0.221005,1.0908
22,40,-0.567232,0.698132,0.174533,0.174533,-0.574261,0.691997,0.169866,0.142414,1.40581,0.343527,0.139997,0.963564,1.30559,0.524933,0.221005,1.0908
22,40,-0.567232,0.698132,0.174533,0.174533,-0.574261,0.691997,0.169866,0.142414,1.40581,0.343527,0.139997,0.963564,1.30559,0.524933,0.221005,1.0908
22,40,-0.567232,0.698132,0.174533,0.174533,-0.574261,0.691997,0.169866,0.142414,1.40581,0.343527,0.139997,0.963564,1.30559,0.524933,0.221005,1.0908
22,40,-0.567232,0.698132,0.174533,0.174533,-0.574261,0.691997,0.169866,0.142414,1.40581,0.343527,0.139997,0.963564,1.30559,0.524933,0.221005,1.0908
22,40,-0.567232,0.698132,0.174533,0.174533,-0.574261,0.691997,0.169866,0.142414,1.40581,0.343527,0.139997,0.963564,1.30559,0.524933,0.221005,1.0908
22,40,-0.567232,0.698132,0.174533,0.174533,-0.574261,0.691997,0.169866,0.142414,1.40581,0.343527,0.139997,0.963564,1.30559,0.524933,0.221005,1.0908
22,40,-0.567232,0.698132,0.174533,0.174533,-0.574261,0.691997,0.169866,0.142414,1.40581,0.343527,0.139997,0.963564,1.30559,0.524933,0.221005,1.0908
22,40,-0.567232,0.698132,0.174533,0.174533,-0.574261,0.691997,0.169866,0.142414,1.40581,0.343527,0.139997,0.963564,1.30559,0.524933,0.221005,1.0908
22,40,-0.567232,0.698132,0.174533,0.174533,-0.574261,0.691997,0.169866,0.142414,1.40581,0.343527,0.139997,0.963564,1.30559,0.524933,0.221005,1.0908
22,40,-0.567232,0.698132,0.174533,0.174533,-0.574261,0.691997,0.169866,0.142414,1.40581,0.343527,0.139997,0.963564,1.30559,0.524933,0.221005,1.0908
22,40,-0.567232,0.698132,0.174533,0.174533,-0.574261,0.691997,0.169866,0.142414,1.40581,0.343527,0.139997,0.963564,1.30559,0.524933,0.221005,1.0908
22,40,-0.567232,0.698132,0.174533,0.174533,-0.574261,0.691997,0.169866,0.142414,1.40581,0.343527,0.139997,0.963564,1.30559,0.524933,0.221005,1.0908
22,40,-0.567232,0.698132,0.174533,0.174533,-0.574261,0.691997,0.169866,0.142414,1.40581,0.343527,0.139997,0.963564,1.30559,0.524933,0.221005,1.0908
22,40,-0.567232,0.698132,0.174533,0.174533,-0.574261,0.691997,0.169866,0.142414,1.40581,0.343527,0.139997,0.963564,1.30559,0.524933,0.221005,1.0908
22,40,-0.567232,0.698132,0.174533,0.174533,-0.574261,0.691997,0.169866,0.142414,1.40581,0.343527,0.139997,0.963564,1.30559,0.524933,0.221005,1.0908
22,40,-0.567232,0.698132,0.174533,0.174533,-0.574261,0.691997,0.169866,0.142414,1.40581,0.343527,0.139997,0.963564,1.30559,0.524933,0.221005,1.0908
22,40,-0.567232,0.698132,0.174533,0.174533,-0.574261,0.691997,0.169866,0.142414,1.40581,0.343527,0.139997,0.963564,1.30559,0.524933,0.221005,1.0908
22,40,-0.567232,0.698132,0.174533,0.174533,-0.574261,0.691997,0.169866,0.142414,1.40581,0.343527,0.139997,0.963564,1.30559,0.524933,0.221005,1.0908
22,40,-0.567232,0.698132,0.174533,0.174533,-0.574261,0.691997,0.169866,0.142414,1.40581,0.343527,0.139997,0.963564,1.30559,0.524933,0.221005,1.0908
22,40,-0.567232,0.698132,0.174533,0.174533,-0.574261,0.691997,0.169866,0.142414,1.40581,0.343527,0.139997,0.963564,1.30559,0.524933,0.221005,1.0908
22,40,-0.567232,0.698132,0.174533,0.174533,-0.574261,0.691997,0.169866,0.142414,1.40581,0.343527,0.139997,0.963564,1.30559,0.524933,0.221005,1.0908
22,40,-0.567232,0.698132,0.174533,0.174533,-0.574261,0.691997,0.169866,0.142414,1.40581,0.343527,0.139997,0.963564,1.30559,0.524933,0.221005,1.0908
22,40,-0.567232,0.698132,0.174533,0.174533,-0.574261,0.691997,0.169866,0.142414,1.40581,0.343527,0.139997,0.963564,1.30559,0.524933,0.221005,1.0908
22,40,-0.567232,0.698132,0.174533,0.174533,-0.574261,0.691997,0.169866,0.142414,1.40581,0.343527,0.139997,0.963564,1.30559,0.524933,0.221005,1.0908
22,40,-0.567232,0.698132,0.174533,0.174533,-0.574261,0.691997,0.169866,0.142414,1.40581,0.343527,0.139997,0.963564,1.30559,0.524933,0.221005,1.0908
22,40,-0.567232,0.698132,0.174533,0.174533,-0.574261,0.691997,0.169866,0.142414,1.40581,0.343527,0.139997,0.963564,1.30559,0.524933,0.221005,1.0908
22,40,-0.567232,0.698132,0.174533,0.174533,-0.574261,0.691997,0.169866,0.142414,1.40581,0.343527,0.139997,0.963564,1.30559,0.524933,0.221005,1.0908
22,40,-0.567232,0.698132,0.174533,0.174533,-0.574261,0.691997,0.169866,0.142414,1.40581,0.343527,0.139997,0.963564,1.30559,0.524933,0.221005,1.0908
22,40,-0.567232,0.698132,0.174533,0.174533,-0.574261,0.691997,0.169866,0.142414,1.40581,0.343527,0.139997,0.963564,1.30559,0.524933,0.221005,1.0908
22,40,-0.567232,0.698132,0.174533,0.174533,-0.574261,0.691997,0.169866,0.142414,1.40581,0.343527,0.139997,0.963564,1.30559,0.524933,0.221005,1.0908
22,40,-0.567232,0.698132,0.174533,0.174533,-0.574261,0.691997,0.169866,0.142414,1.40581,0.343527,0.139997,0.963564,1.30559,0.524933,0.221005,1.0908
22,40,-0.567232,0.698132,0.174533,0.174533,-0.574261,0.691997,0.169866,0.142414,1.40581,0.343527,0.139997,0.963564,1.30559,0.524933,0.221005,1.0908
22,40,-0.567232,0.698132,0.174533,0.174533,-0.574261,0.691997,0.169866,0.142414,1.40581,0.343527,0.139997,0.963564,1.30559,0.524933,0.221005,1.0908
22,40,-0.567232,0.698132,0.174533,0.174533,-0.574261,0.691997,0.169866,0.142414,1.40581,0.343527,0.139997,0.963564,1.30559,0.524933,0.221005,1.0908
22,40,-0.567232,0.698132,0.174533,0.174533,-0.574261,0.691997,0.169866,0.142414,1.40581,0.343527,0.139997,0.963564,1.30559,0.524933,0.221005,1.0908
22,40,-0.567232,0.698132,0.174533,0.174533,-0.574261,0.691997,0.169866,0.142414,1.40581,0.343527,0.139997,0.963564,1.30559,0.524933,0.221005,1.0908
22,40,-0.567232,0.698132,0.174533,0.174533,-0.574261,0.691997,0.169866,0.142414,1.40581,0.343527,0.139997,0.963564,1.30559,0.524933,0.221005,1.0908
22,40,-0.567232,0.698132,0.174533,0.174533,-0.574261,0.691997,0.169866,0.142414,1.40581,0.343527,0.139997,0.963564,1.30559,0.524933,0.221005,1.0908
22,40,-0.567232,0.698132,0.174533,0.174533,-0.574261,0.691997,0.169866,0.142414,1.40581,0.343527,0.139997,0.963564,1.30559,0.524933,0.221005,1.0908
22,40,-0.567232,0.698132,0.174533,0.174533,-0.574261,0.691997,0.169866,0.142414,1.40581,0.343527,0.139997,0.963564,1.30559,0.524933,0.221005,1.0908
22,40,-0.567232,0.698132,0.174533,0.174533,-0.574261,0.691997,0.169866,0.142414,1.40581,0.343527,0.139997,0.963564,1.30559,0.524933,0.221005,1.0908
22,40,-0.567232,0.698132,0.174533,0.174533,-0.574261,0.691997,0.169866,0.142414,1.40581,0.343527,0.139997,0.963564,1.30559,0.524933,0.221005,1.0908
22,40,-0.567232,0.698132,0.174533,0.174533,-0.574261,0.691997,0.169866,0.142414,1.40581,0.343527,0.139997,0.963564,1.30559,0.524933,0.221005,1.0908
22,40,-0.567232,0.698132,0.174533,0.174533,-0.574261,0.691997,0.169866,0.142414,1.40581,0.343527,0.139997,0.963564,1.30559,0.524933,0.221005,1.0908
22,40,-0.567232,0.698132,0.174533,0.174533,-0.574261,0.691997,0.169866,0.142414,1.40581,0.343527,0.139997,0.963564,1.30559,0.524933,0.221005,1.0908
22,40,-0.567232,0.698132,0.174533,0.174533,-0.574261,0.691997,0.169866,0.142414,1.40581,0.343527,0.139997,0.963564,1.30559,0.524933,0.221005,1.0908
22,40,-0.567232,0.698132,0.174533,0.174533,-0.574261,0.691997,0.169866,0.142414,1.40581,0.343527,0.139997,0.963564,1.30559,0.524933,0.221005,1.0908
22,40,-0.567232,0.698132,0.174533,0.174533,-0.574261,0.691997,0.169866,0.142414,1.40581,0.343527,0.139997,0.963564,1.30559,0.524933,0.221005,1.0908
22,40,-0.567232,0.698132,0.174533,0.174533,-0.574261,0.691997,0.169866,0.142414,1.40581,0.343527,0.139997,0.963564,1.30559,0.524933,0.221005,1.0908
22,40,-0.567232,0.698132,0.174533,0.174533,-0.574261,0.691997,0.169866,0.142414,1.40581,0.343527,0.139997,0.963564,1.30559,0.524933,0.221005,1.0908
22,40,-0.567232,0.698132,0.174533,0.174533,-0.574261,0.691997,0.169866,0.142414,1.40581,0.343527,0.139997,0.963564,1.30559,0.524933,0.221005,1.0908
22,40,-0.567232,0.698132,0.174533,0.174533,-0.574261,0.691997,0.169866,0.142414,1.40581,0.343527,0.139997,0.963564,1.30559,0.524933,0.221005,1.0908
22,40,-0.567232,0.698132,0.174533,0.174533,-0.574261,0.691997,0.169866,0.142414,1.40581,0.343527,0.139997,0.963564,1.30559,0.524933,0.221005,1.0908
22,40,-0.567232,0.698132,0.174533,0.174533,-0.574261,0.691997,0.169866,0.142414,1.40581,0.343527,0.139997,0.963564,1.30559,0.524933,0.221005,1.0908
22,40,-0.567232,0.698132,0.174533,0.174533,-0.574261,0.691997,0.169866,0.142414,1.40581,0.343527,0.139997,0.963564,1.30559,0.524933,0.221005,1.0908
22,40,-0.567232,0.698132,0.174533,0.174533,-0.574261,0.691997,0.169866,0.142414,1.40581,0.343527,0.139997,0.963564,1.30559,0.524933,0.221005,1.0908
22,40,-0.567232,0.698132,0.174533,0.174533,-0.574261,0.691997,0.169866,0.142414,1.40581,0.343527,0.139997,0.963564,1.30559,0.524933,0.221005,1.0908
22,40,-0.567232,0.698132,0.174533,0.174533,-0.574261,0.691997,0.169866,0.142414,1.40581,0.343527,0.139997,0.963564,1.30559,0.524933,0.221005,1.0908
22,40,-0.567232,0.698132,0.174533,0.174533,-0.574261,0.691997,0.169866,0.142414,1.40581,0.343527,0.139997,0.963564,1.30559,0.524933,0.221005,1.0908
22,40,-0.567232,0.698132,0.174533,0.174533,-0.574261,0.691997,0.169866,0.142414,1.40581,0.343527,0.139997,0.963564,1.30559,0.524933,0.221005,1.0908
22,40,-0.567232,0.698132,0.174533,0.174533,-0.574261,0.691997,0.169866,0.142414,1.40581,0.343527,0.139997,0.963564,1.30559,0.524933,0.221005,1.0908
22,40,-0.567232,0.698132,0.174533,0.174533,-0.574261,0.691997,0.169866,0.142414,1.40581,0.343527,0.139997,0.963564,1.30559,0.524933,0.221005,1.0908
22,40,-0.567232,0.698132,0.174533,0.174533,-0.574261,0.691997,0.169866,0.142414,1.40581,0.343527,0.139997,0.963564,1.30559,0.524933,0.221005,1.0908
22,40,-0.567232,0.698132,0.174533,0.174533,-0.574261,0.691997,0.169866,0.142414,1.40581,0.343527,0.139997,0.963564,1.30559,0.524933,0.221005,1.0908
22,40,-0.567232,0.698132,0.174533,0.174533,-0.574261,0.691997,0.169866,0.142414,1.40581,0.343527,0.139997,0.963564,1.30559,0.524933,0.221005,1.0908
22,40,-0.567232,0.698132,0.174533,0.174533,-0.574261,0.691997,0.169866,0.142414,1.40581,0.343527,0.139997,0.963564,1.30559,0.524933,0.221005,1.0908
22,40,-0.567232,0.698132,0.174533,0.174533,-0.574261,0.691997,0.169866,0.142414,1.40581,0.343527,0.139997,0.963564,1.30559,0.524933,0.221005,1.0908
22,40,-0.567232,0.698132,0.174533,0.174533,-0.574261,0.691997,0.169866,0.142414,1.40581,0.343527,0.139997,0.963564,1.30559,0.524933,0.221005,1.0908
22,40,-0.567232,0.698132,0.174533,0.174533,-0.574261,0.691997,0.169807,0.142449,1.40581,0.343527,0.141775,0.962517,1.30559,0.524933,0.221005,1.0908
22,40,-0.567232,0.698132,0.174533,0.174533,-0.574261,0.691997,0.169807,0.142449,1.40581,0.343527,0.141775,0.962517,1.30559,0.524933,0.221005,1.0908
22,40,-0.567232,0.698132,0.174533,0.174533,-0.574261,0.691997,0.169807,0.142449,1.40581,0.343527,0.141775,0.962517,1.30559,0.524933,0.221005,1.0908
22,40,-0.567232,0.698132,0.174533,0.174533,-0.574261,0.691997,0.169807,0.142449,1.40581,0.343527,0.141775,0.962517,1.30559,0.524933,0.221005,1.0908
22,40,-0.567232,0.698132,0.174533,0.174533,-0.574261,0.691997,0.169807,0.142449,1.40581,0.343527,0.141775,0.962517,1.30559,0.524933,0.221005,1.0908
22,40,-0.567232,0.698132,0.174533,0.174533,-0.574261,0.691997,0.169807,0.142449,1.40581,0.343527,0.141775,0.962517,1.30559,0.524933,0.221005,1.0908
22,40,-0.567232,0.698132,0.174533,0.174533,-0.574261,0.691997,0.169807,0.142449,1.40581,0.343527,0.141775,0.962517,1.30559,0.524933,0.221005,1.0908
22,40,-0.567232,0.698132,0.174533,0.174533,-0.574261,0.691997,0.169807,0.142449,1.40581,0.343527,0.141775,0.962517,1.30559,0.524933,0.221005,1.0908
22,40,-0.567232,0.698132,0.174533,0.174533,-0.574261,0.691997,0.169807,0.142449,1.40581,0.343527,0.141775,0.962517,1.30559,0.524933,0.221005,1.0908
22,40,-0.567232,0.698132,0.174533,0.174533,-0.574261,0.691997,0.169807,0.142449,1.40581,0.343527,0.141775,0.962517,1.30559,0.524933,0.221005,1.0908
22,40,-0.567232,0.698132,0.174533,0.174533,-0.574261,0.691997,0.169807,0.142449,1.40581,0.343527,0.141775,0.962517,1.30559,0.524933,0.221005,1.0908
22,40,-0.567232,0.698132,0.174533,0.174533,-0.574261,0.691997,0.169807,0.142449,1.40581,0.343527,0.141775,0.962517,1.30559,0.524933,0.221005,1.0908
22,40,-0.567232,0.698132,0.174533,0.174533,-0.574261,0.691997,0.169807,0.142449,1.40581,0.343527,0.141775,0.962517,1.30559,0.524933,0.221005,1.0908
22,40,-0.567232,0.698132,0.174533,0.174533,-0.574261,0.691997,0.169807,0.142449,1.40581,0.343527,0.141775,0.962517,1.30559,0.524933,0.221005,1.0908
