stim_pw [us],stim_amp [mA],com_elbow_fe [rad],com_forearm_ps [rad],com_wrist_fe [rad],com_wrist_ru [rad],act_elbow_fe [rad],act_forearm_ps [rad],act_wrist_fe [rad],act_wrist_ru [rad],elbow_fe_trq [Nm],forearm_ps_trq [Nm],wrist_fe_trq [Nm],wrist_ru_trq [Nm]
30,30,-0.567232,0.698132,-0.174533,0.174533,-0.574404,0.690218,-0.157655,0.142549,1.43444,0.443176,-0.506331,0.959504
30,30,-0.567232,0.698132,-0.174533,0.174533,-0.574404,0.690218,-0.157655,0.142549,1.43444,0.443176,-0.506331,0.959504
30,30,-0.567232,0.698132,-0.174533,0.174533,-0.574404,0.690218,-0.157655,0.142549,1.43444,0.443176,-0.506331,0.959504
30,30,-0.567232,0.698132,-0.174533,0.174533,-0.574404,0.690218,-0.157655,0.142549,1.43444,0.443176,-0.506331,0.959504
30,30,-0.567232,0.698132,-0.174533,0.174533,-0.574404,0.690218,-0.157655,0.142549,1.43444,0.443176,-0.506331,0.959504
30,30,-0.567232,0.698132,-0.174533,0.174533,-0.574404,0.690218,-0.157655,0.142549,1.43444,0.443176,-0.506331,0.959504
30,30,-0.567232,0.698132,-0.174533,0.174533,-0.574404,0.690218,-0.157655,0.142549,1.43444,0.443176,-0.506331,0.959504
30,30,-0.567232,0.698132,-0.174533,0.174533,-0.574404,0.690218,-0.157655,0.142549,1.43444,0.443176,-0.506331,0.959504
30,30,-0.567232,0.698132,-0.174533,0.174533,-0.574404,0.690218,-0.157707,0.142576,1.43444,0.443176,-0.504768,0.958719
30,30,-0.567232,0.698132,-0.174533,0.174533,-0.574404,0.690218,-0.157707,0.142576,1.43444,0.443176,-0.504768,0.958719
30,30,-0.567232,0.698132,-0.174533,0.174533,-0.574404,0.690218,-0.157707,0.142576,1.43444,0.443176,-0.504768,0.958719
30,30,-0.567232,0.698132,-0.174533,0.174533,-0.574404,0.690218,-0.157707,0.142576,1.43444,0.443176,-0.504768,0.958719
30,30,-0.567232,0.698132,-0.174533,0.174533,-0.574404,0.690218,-0.157707,0.142576,1.43444,0.443176,-0.504768,0.958719
30,30,-0.567232,0.698132,-0.174533,0.174533,-0.574404,0.690218,-0.157707,0.142576,1.43444,0.443176,-0.504768,0.958719
30,30,-0.567232,0.698132,-0.174533,0.174533,-0.574404,0.690218,-0.157707,0.142576,1.43444,0.443176,-0.504768,0.958719
30,30,-0.567232,0.698132,-0.174533,0.174533,-0.574404,0.690218,-0.157707,0.142576,1.43444,0.443176,-0.504768,0.958719
30,30,-0.567232,0.698132,-0.174533,0.174533,-0.574404,0.690218,-0.157707,0.142576,1.43444,0.443176,-0.504768,0.958719
30,30,-0.567232,0.698132,-0.174533,0.174533,-0.574404,0.690218,-0.157707,0.142576,1.43444,0.443176,-0.504768,0.958719
30,30,-0.567232,0.698132,-0.174533,0.174533,-0.574404,0.690218,-0.157707,0.142576,1.43444,0.443176,-0.504768,0.958719
30,30,-0.567232,0.698132,-0.174533,0.174533,-0.574404,0.690218,-0.157707,0.142576,1.43444,0.443176,-0.504768,0.958719
30,30,-0.567232,0.698132,-0.174533,0.174533,-0.574404,0.690218,-0.157707,0.142576,1.43444,0.443176,-0.504768,0.958719
30,30,-0.567232,0.698132,-0.174533,0.174533,-0.574404,0.690218,-0.157707,0.142576,1.43444,0.443176,-0.504768,0.958719
30,30,-0.567232,0.698132,-0.174533,0.174533,-0.574404,0.690218,-0.157707,0.142576,1.43444,0.443176,-0.504768,0.958719
30,30,-0.567232,0.698132,-0.174533,0.174533,-0.574404,0.690218,-0.157707,0.142576,1.43444,0.443176,-0.504768,0.958719
30,30,-0.567232,0.698132,-0.174533,0.174533,-0.574404,0.690218,-0.157707,0.142576,1.43444,0.443176,-0.504768,0.958719
30,30,-0.567232,0.698132,-0.174533,0.174533,-0.574404,0.690218,-0.157707,0.142576,1.43444,0.443176,-0.504768,0.958719
30,30,-0.567232,0.698132,-0.174533,0.174533,-0.574404,0.690218,-0.157707,0.142576,1.43444,0.443176,-0.504768,0.958719
30,30,-0.567232,0.698132,-0.174533,0.174533,-0.574404,0.690218,-0.157657,0.142619,1.43444,0.443176,-0.506264,0.957419
30,30,-0.567232,0.698132,-0.174533,0.174533,-0.574404,0.690218,-0.157657,0.142619,1.43444,0.443176,-0.506264,0.957419
30,30,-0.567232,0.698132,-0.174533,0.174533,-0.574404,0.690218,-0.15771,0.142645,1.43444,0.443176,-0.504692,0.95663
30,30,-0.567232,0.698132,-0.174533,0.174533,-0.574404,0.690218,-0.15771,0.142645,1.43444,0.443176,-0.504692,0.95663
30,30,-0.567232,0.698132,-0.174533,0.174533,-0.574404,0.690218,-0.15771,0.142645,1.43444,0.443176,-0.504692,0.95663
30,30,-0.567232,0.698132,-0.174533,0.174533,-0.574404,0.690218,-0.15771,0.142645,1.43444,0.443176,-0.504692,0.95663
30,30,-0.567232,0.698132,-0.174533,0.174533,-0.574404,0.690218,-0.15771,0.142645,1.43444,0.443176,-0.504692,0.95663
30,30,-0.567232,0.698132,-0.174533,0.174533,-0.574404,0.690218,-0.15771,0.142645,1.43444,0.443176,-0.504692,0.95663
30,30,-0.567232,0.698132,-0.174533,0.174533,-0.574404,0.690218,-0.15771,0.142645,1.43444,0.443176,-0.504692,0.95663
30,30,-0.567232,0.698132,-0.174533,0.174533,-0.574404,0.690218,-0.15771,0.142645,1.43444,0.443176,-0.504692,0.95663
30,30,-0.567232,0.698132,-0.174533,0.174533,-0.574404,0.690218,-0.15771,0.142645,1.43444,0.443176,-0.504692,0.95663
30,30,-0.567232,0.698132,-0.174533,0.174533,-0.574404,0.690218,-0.15771,0.142645,1.43444,0.443176,-0.504692,0.95663
30,30,-0.567232,0.698132,-0.174533,0.174533,-0.574404,0.690218,-0.15771,0.142645,1.43444,0.443176,-0.504692,0.95663
30,30,-0.567232,0.698132,-0.174533,0.174533,-0.574404,0.690218,-0.15771,0.142645,1.43444,0.443176,-0.504692,0.95663
30,30,-0.567232,0.698132,-0.174533,0.174533,-0.574404,0.690218,-0.15771,0.142645,1.43444,0.443176,-0.504692,0.95663
30,30,-0.567232,0.698132,-0.174533,0.174533,-0.574404,0.690218,-0.157762,0.142671,1.43444,0.443176,-0.50312,0.955841
30,30,-0.567232,0.698132,-0.174533,0.174533,-0.574404,0.690218,-0.157762,0.142671,1.43444,0.443176,-0.50312,0.955841
30,30,-0.567232,0.698132,-0.174533,0.174533,-0.574404,0.690218,-0.157762,0.142671,1.43444,0.443176,-0.50312,0.955841
30,30,-0.567232,0.698132,-0.174533,0.174533,-0.574404,0.690218,-0.157762,0.142671,1.43444,0.443176,-0.50312,0.955841
30,30,-0.567232,0.698132,-0.174533,0.174533,-0.574404,0.690218,-0.157762,0.142671,1.43444,0.443176,-0.50312,0.955841
30,30,-0.567232,0.698132,-0.174533,0.174533,-0.574404,0.690218,-0.157762,0.142671,1.43444,0.443176,-0.50312,0.955841
30,30,-0.567232,0.698132,-0.174533,0.174533,-0.574404,0.690218,-0.157762,0.142671,1.43444,0.443176,-0.50312,0.955841
30,30,-0.567232,0.698132,-0.174533,0.174533,-0.574404,0.690218,-0.157762,0.142671,1.43444,0.443176,-0.50312,0.955841
30,30,-0.567232,0.698132,-0.174533,0.174533,-0.574404,0.690218,-0.157762,0.142671,1.43444,0.443176,-0.50312,0.955841
30,30,-0.567232,0.698132,-0.174533,0.174533,-0.574404,0.690218,-0.157762,0.142671,1.43444,0.443176,-0.50312,0.955841
30,30,-0.567232,0.698132,-0.174533,0.174533,-0.574404,0.690218,-0.157762,0.142671,1.43444,0.443176,-0.50312,0.955841
30,30,-0.567232,0.698132,-0.174533,0.174533,-0.574404,0.690218,-0.157762,0.142671,1.43444,0.443176,-0.50312,0.955841
30,30,-0.567232,0.698132,-0.174533,0.174533,-0.574404,0.690218,-0.157762,0.142671,1.43444,0.443176,-0.50312,0.955841
30,30,-0.567232,0.698132,-0.174533,0.174533,-0.574404,0.690218,-0.157762,0.142671,1.43444,0.443176,-0.50312,0.955841
30,30,-0.567232,0.698132,-0.174533,0.174533,-0.574404,0.690218,-0.157762,0.142671,1.43444,0.443176,-0.50312,0.955841
30,30,-0.567232,0.698132,-0.174533,0.174533,-0.574404,0.690218,-0.157762,0.142671,1.43444,0.443176,-0.50312,0.955841
30,30,-0.567232,0.698132,-0.174533,0.174533,-0.574404,0.690218,-0.157762,0.142671,1.43444,0.443176,-0.50312,0.955841
30,30,-0.567232,0.698132,-0.174533,0.174533,-0.574404,0.690218,-0.157762,0.142671,1.43444,0.443176,-0.50312,0.955841
30,30,-0.567232,0.698132,-0.174533,0.174533,-0.574404,0.690218,-0.157762,0.142671,1.43444,0.443176,-0.50312,0.955841
30,30,-0.567232,0.698132,-0.174533,0.174533,-0.574404,0.690218,-0.157762,0.142671,1.43444,0.443176,-0.50312,0.955841
30,30,-0.567232,0.698132,-0.174533,0.174533,-0.574404,0.690218,-0.157762,0.142671,1.43444,0.443176,-0.50312,0.955841
30,30,-0.567232,0.698132,-0.174533,0.174533,-0.574404,0.690218,-0.157762,0.142671,1.43444,0.443176,-0.50312,0.955841
30,30,-0.567232,0.698132,-0.174533,0.174533,-0.574404,0.690218,-0.157765,0.142741,1.43444,0.443176,-0.503033,0.953748
30,30,-0.567232,0.698132,-0.174533,0.174533,-0.574404,0.690218,-0.157765,0.142741,1.43444,0.443176,-0.503033,0.953748
30,30,-0.567232,0.698132,-0.174533,0.174533,-0.574404,0.690218,-0.157765,0.142741,1.43444,0.443176,-0.503033,0.953748
30,30,-0.567232,0.698132,-0.174533,0.174533,-0.574404,0.690218,-0.157765,0.142741,1.43444,0.443176,-0.503033,0.953748
30,30,-0.567232,0.698132,-0.174533,0.174533,-0.574404,0.690218,-0.157765,0.142741,1.43444,0.443176,-0.503033,0.953748
30,30,-0.567232,0.698132,-0.174533,0.174533,-0.574404,0.690218,-0.157765,0.142741,1.43444,0.443176,-0.503033,0.953748
30,30,-0.567232,0.698132,-0.174533,0.174533,-0.574404,0.690218,-0.157765,0.142741,1.43444,0.443176,-0.503033,0.953748
30,30,-0.567232,0.698132,-0.174533,0.174533,-0.574404,0.690218,-0.157765,0.142741,1.43444,0.443176,-0.503033,0.953747
30,30,-0.567232,0.698132,-0.174533,0.174533,-0.574404,0.690218,-0.157765,0.142741,1.43444,0.443176,-0.503033,0.953747
30,30,-0.567232,0.698132,-0.174533,0.174533,-0.574404,0.690218,-0.157761,0.14267,1.43444,0.443176,-0.503132,0.955879
30,30,-0.567232,0.698132,-0.174533,0.174533,-0.574404,0.690218,-0.157761,0.14267,1.43444,0.443176,-0.503132,0.955879
30,30,-0.567232,0.698132,-0.174533,0.174533,-0.574404,0.690218,-0.157761,0.14267,1.43444,0.443176,-0.503132,0.955879
30,30,-0.567232,0.698132,-0.174533,0.174533,-0.574404,0.690218,-0.157761,0.14267,1.43444,0.443176,-0.503132,0.955879
30,30,-0.567232,0.698132,-0.174533,0.174533,-0.574404,0.690218,-0.157761,0.14267,1.43444,0.443176,-0.503132,0.955879
30,30,-0.567232,0.698132,-0.174533,0.174533,-0.574404,0.690218,-0.157761,0.14267,1.43444,0.443176,-0.503132,0.955879
30,30,-0.567232,0.698132,-0.174533,0.174533,-0.574404,0.690218,-0.157761,0.14267,1.43444,0.443176,-0.503132,0.955879
30,30,-0.567232,0.698132,-0.174533,0.174533,-0.574404,0.690218,-0.157761,0.14267,1.43444,0.443176,-0.503132,0.955879
30,30,-0.567232,0.698132,-0.174533,0.174533,-0.574404,0.690218,-0.157761,0.14267,1.43444,0.443176,-0.503132,0.955879
30,30,-0.567232,0.698132,-0.174533,0.174533,-0.574404,0.690218,-0.157761,0.14267,1.43444,0.443176,-0.503132,0.955879
30,30,-0.567232,0.698132,-0.174533,0.174533,-0.574404,0.690218,-0.157761,0.14267,1.43444,0.443176,-0.503132,0.955879
30,30,-0.567232,0.698132,-0.174533,0.174533,-0.574404,0.690218,-0.157761,0.14267,1.43444,0.443176,-0.503132,0.955879
30,30,-0.567232,0.698132,-0.174533,0.174533,-0.574404,0.690218,-0.157711,0.142713,1.43444,0.443176,-0.504628,0.954577
30,30,-0.567232,0.698132,-0.174533,0.174533,-0.574404,0.690218,-0.157711,0.142713,1.43444,0.443176,-0.504628,0.954577
30,30,-0.567232,0.698132,-0.174533,0.174533,-0.574404,0.690218,-0.157711,0.142713,1.43444,0.443176,-0.504628,0.954577
30,30,-0.567232,0.698132,-0.174533,0.174533,-0.574404,0.690218,-0.157711,0.142713,1.43444,0.443176,-0.504628,0.954577
30,30,-0.567232,0.698132,-0.174533,0.174533,-0.574404,0.690218,-0.157711,0.142713,1.43444,0.443176,-0.504628,0.954577
30,30,-0.567232,0.698132,-0.174533,0.174533,-0.574404,0.690218,-0.157711,0.142713,1.43444,0.443176,-0.504628,0.954577
30,30,-0.567232,0.698132,-0.174533,0.174533,-0.574404,0.690218,-0.157711,0.142713,1.43444,0.443176,-0.504628,0.954577
30,30,-0.567232,0.698132,-0.174533,0.174533,-0.574404,0.690218,-0.157711,0.142713,1.43444,0.443176,-0.504628,0.954577
30,30,-0.567232,0.698132,-0.174533,0.174533,-0.574404,0.690218,-0.157711,0.142713,1.43444,0.443176,-0.504628,0.954577
30,30,-0.567232,0.698132,-0.174533,0.174533,-0.574404,0.690218,-0.157764,0.14274,1.43444,0.443176,-0.503045,0.953783
30,30,-0.567232,0.698132,-0.174533,0.174533,-0.574404,0.690218,-0.157764,0.14274,1.43444,0.443176,-0.503045,0.953783
30,30,-0.567232,0.698132,-0.174533,0.174533,-0.574404,0.690218,-0.157764,0.14274,1.43444,0.443176,-0.503045,0.953783
30,30,-0.567232,0.698132,-0.174533,0.174533,-0.574404,0.690218,-0.157764,0.14274,1.43444,0.443176,-0.503045,0.953783
30,30,-0.567232,0.698132,-0.174533,0.174533,-0.574404,0.690218,-0.157764,0.14274,1.43444,0.443176,-0.503045,0.953783
30,30,-0.567232,0.698132,-0.174533,0.174533,-0.574404,0.690218,-0.157764,0.14274,1.43444,0.443176,-0.503045,0.953783
30,30,-0.567232,0.698132,-0.174533,0.174533,-0.574404,0.690218,-0.157764,0.14274,1.43444,0.443176,-0.503045,0.953783
30,30,-0.567232,0.698132,-0.174533,0.174533,-0.574404,0.690218,-0.157764,0.14274,1.43444,0.443176,-0.503045,0.953783
30,30,-0.567232,0.698132,-0.174533,0.174533,-0.574404,0.690218,-0.157764,0.14274,1.43444,0.443176,-0.503045,0.953783
30,30,-0.567232,0.698132,-0.174533,0.174533,-0.574404,0.690218,-0.157764,0.14274,1.43444,0.443176,-0.503045,0.953783
30,30,-0.567232,0.698132,-0.174533,0.174533,-0.574404,0.690218,-0.157764,0.14274,1.43444,0.443176,-0.503045,0.953783
30,30,-0.567232,0.698132,-0.174533,0.174533,-0.574404,0.690218,-0.157764,0.14274,1.43444,0.443176,-0.503045,0.953783
30,30,-0.567232,0.698132,-0.174533,0.174533,-0.574404,0.690218,-0.157764,0.14274,1.43444,0.443176,-0.503045,0.953783
30,30,-0.567232,0.698132,-0.174533,0.174533,-0.574404,0.690218,-0.157764,0.14274,1.43444,0.443176,-0.503045,0.953783
30,30,-0.567232,0.698132,-0.174533,0.174533,-0.574404,0.690218,-0.157764,0.14274,1.43444,0.443176,-0.503045,0.953783
30,30,-0.567232,0.698132,-0.174533,0.174533,-0.574404,0.690218,-0.157764,0.14274,1.43444,0.443176,-0.503045,0.953783
30,30,-0.567232,0.698132,-0.174533,0.174533,-0.574404,0.690218,-0.157764,0.14274,1.43444,0.443176,-0.503045,0.953783
30,30,-0.567232,0.698132,-0.174533,0.174533,-0.574404,0.690218,-0.157764,0.14274,1.43444,0.443176,-0.503045,0.953783
30,30,-0.567232,0.698132,-0.174533,0.174533,-0.574404,0.690218,-0.157764,0.14274,1.43444,0.443176,-0.503045,0.953783
30,30,-0.567232,0.698132,-0.174533,0.174533,-0.574404,0.690218,-0.157764,0.14274,1.43444,0.443176,-0.503045,0.953783
30,30,-0.567232,0.698132,-0.174533,0.174533,-0.574404,0.690218,-0.157764,0.14274,1.43444,0.443176,-0.503045,0.953783
30,30,-0.567232,0.698132,-0.174533,0.174533,-0.574404,0.690218,-0.157764,0.14274,1.43444,0.443176,-0.503045,0.953783
30,30,-0.567232,0.698132,-0.174533,0.174533,-0.574404,0.690218,-0.157764,0.14274,1.43444,0.443176,-0.503045,0.953783
30,30,-0.567232,0.698132,-0.174533,0.174533,-0.574404,0.690218,-0.157764,0.14274,1.43444,0.443176,-0.503045,0.953783
30,30,-0.567232,0.698132,-0.174533,0.174533,-0.574404,0.690218,-0.157764,0.14274,1.43444,0.443176,-0.503045,0.953783
30,30,-0.567232,0.698132,-0.174533,0.174533,-0.574404,0.690218,-0.157764,0.14274,1.43444,0.443176,-0.503045,0.953783
30,30,-0.567232,0.698132,-0.174533,0.174533,-0.574404,0.690218,-0.157764,0.14274,1.43444,0.443176,-0.503045,0.953783
30,30,-0.567232,0.698132,-0.174533,0.174533,-0.574404,0.690218,-0.157714,0.142783,1.43444,0.443176,-0.504547,0.952476
30,30,-0.567232,0.698132,-0.174533,0.174533,-0.574404,0.690218,-0.157714,0.142783,1.43444,0.443176,-0.504547,0.952476
30,30,-0.567232,0.698132,-0.174533,0.174533,-0.574404,0.690218,-0.157714,0.142783,1.43444,0.443176,-0.504547,0.952476
30,30,-0.567232,0.698132,-0.174533,0.174533,-0.574404,0.690218,-0.157714,0.142783,1.43444,0.443176,-0.504547,0.952476
30,30,-0.567232,0.698132,-0.174533,0.174533,-0.574404,0.690218,-0.157714,0.142783,1.43444,0.443176,-0.504547,0.952476
30,30,-0.567232,0.698132,-0.174533,0.174533,-0.574404,0.690218,-0.157714,0.142783,1.43444,0.443176,-0.504547,0.952476
30,30,-0.567232,0.698132,-0.174533,0.174533,-0.574404,0.690218,-0.157714,0.142783,1.43444,0.443176,-0.504547,0.952476
30,30,-0.567232,0.698132,-0.174533,0.174533,-0.574404,0.690218,-0.157714,0.142783,1.43444,0.443176,-0.504547,0.952476
30,30,-0.567232,0.698132,-0.174533,0.174533,-0.574404,0.690218,-0.157714,0.142783,1.43444,0.443176,-0.504547,0.952476
30,30,-0.567232,0.698132,-0.174533,0.174533,-0.574404,0.690218,-0.157664,0.142826,1.43444,0.443176,-0.506045,0.951174
30,30,-0.567232,0.698132,-0.174533,0.174533,-0.574404,0.690218,-0.157664,0.142826,1.43444,0.443176,-0.506045,0.951174
30,30,-0.567232,0.698132,-0.174533,0.174533,-0.574404,0.690218,-0.157664,0.142826,1.43444,0.443176,-0.506045,0.951174
30,30,-0.567232,0.698132,-0.174533,0.174533,-0.574404,0.690218,-0.157664,0.142826,1.43444,0.443176,-0.506045,0.951174
30,30,-0.567232,0.698132,-0.174533,0.174533,-0.574404,0.690218,-0.157664,0.142826,1.43444,0.443176,-0.506045,0.951174
30,30,-0.567232,0.698132,-0.174533,0.174533,-0.574404,0.690218,-0.157664,0.142826,1.43444,0.443176,-0.506045,0.951174
30,30,-0.567232,0.698132,-0.174533,0.174533,-0.574404,0.690218,-0.157713,0.142781,1.43444,0.443176,-0.504575,0.952516
30,30,-0.567232,0.698132,-0.174533,0.174533,-0.574404,0.690218,-0.157713,0.142781,1.43444,0.443176,-0.504575,0.952516
30,30,-0.567232,0.698132,-0.174533,0.174533,-0.574404,0.690218,-0.157713,0.142781,1.43444,0.443176,-0.504575,0.952516
30,30,-0.567232,0.698132,-0.174533,0.174533,-0.574404,0.690218,-0.157713,0.142781,1.43444,0.443176,-0.504575,0.952516
30,30,-0.567232,0.698132,-0.174533,0.174533,-0.574404,0.690218,-0.157713,0.142781,1.43444,0.443176,-0.504575,0.952516
30,30,-0.567232,0.698132,-0.174533,0.174533,-0.574404,0.690218,-0.157713,0.142781,1.43444,0.443176,-0.504575,0.952516
30,30,-0.567232,0.698132,-0.174533,0.174533,-0.574404,0.690218,-0.157713,0.142781,1.43444,0.443176,-0.504575,0.952516
30,30,-0.567232,0.698132,-0.174533,0.174533,-0.574404,0.690218,-0.157713,0.142781,1.43444,0.443176,-0.504575,0.952516
30,30,-0.567232,0.698132,-0.174533,0.174533,-0.574404,0.690218,-0.157713,0.142781,1.43444,0.443176,-0.504575,0.952516
30,30,-0.567232,0.698132,-0.174533,0.174533,-0.574404,0.690218,-0.157713,0.142781,1.43444,0.443176,-0.504575,0.952516
30,30,-0.567232,0.698132,-0.174533,0.174533,-0.574404,0.690218,-0.157713,0.142781,1.43444,0.443176,-0.504575,0.952516
30,30,-0.567232,0.698132,-0.174533,0.174533,-0.574404,0.690218,-0.157713,0.142781,1.43444,0.443176,-0.504575,0.952516
30,30,-0.567232,0.698132,-0.174533,0.174533,-0.574404,0.690218,-0.157713,0.142781,1.43444,0.443176,-0.504575,0.952516
30,30,-0.567232,0.698132,-0.174533,0.174533,-0.574404,0.690218,-0.157713,0.142781,1.43444,0.443176,-0.504575,0.952516
30,30,-0.567232,0.698132,-0.174533,0.174533,-0.574404,0.690218,-0.157713,0.142781,1.43444,0.443176,-0.504575,0.952516
30,30,-0.567232,0.698132,-0.174533,0.174533,-0.574404,0.690218,-0.157713,0.142781,1.43444,0.443176,-0.504575,0.952516
30,30,-0.567232,0.698132,-0.174533,0.174533,-0.574404,0.690218,-0.157713,0.142781,1.43444,0.443176,-0.504575,0.952516
30,30,-0.567232,0.698132,-0.174533,0.174533,-0.574404,0.690218,-0.157713,0.142781,1.43444,0.443176,-0.504575,0.952516
30,30,-0.567232,0.698132,-0.174533,0.174533,-0.574404,0.690218,-0.157713,0.142781,1.43444,0.443176,-0.504575,0.952516
30,30,-0.567232,0.698132,-0.174533,0.174533,-0.574404,0.690218,-0.157713,0.142781,1.43444,0.443176,-0.504575,0.952516
30,30,-0.567232,0.698132,-0.174533,0.174533,-0.574404,0.690218,-0.157713,0.142781,1.43444,0.443176,-0.504575,0.952516
30,30,-0.567232,0.698132,-0.174533,0.174533,-0.574404,0.690218,-0.157713,0.142781,1.43444,0.443176,-0.504575,0.952516
30,30,-0.567232,0.698132,-0.174533,0.174533,-0.574404,0.690218,-0.157713,0.142781,1.43444,0.443176,-0.504575,0.952516
30,30,-0.567232,0.698132,-0.174533,0.174533,-0.574404,0.690218,-0.157713,0.142781,1.43444,0.443176,-0.504575,0.952516
30,30,-0.567232,0.698132,-0.174533,0.174533,-0.574404,0.690218,-0.157713,0.142781,1.43444,0.443176,-0.504575,0.952516
30,30,-0.567232,0.698132,-0.174533,0.174533,-0.574404,0.690218,-0.157713,0.142781,1.43444,0.443176,-0.504575,0.952516
30,30,-0.567232,0.698132,-0.174533,0.174533,-0.574404,0.690218,-0.157713,0.142781,1.43444,0.443176,-0.504575,0.952516
30,30,-0.567232,0.698132,-0.174533,0.174533,-0.574404,0.690218,-0.157713,0.142781,1.43444,0.443176,-0.504575,0.952516
30,30,-0.567232,0.698132,-0.174533,0.174533,-0.574404,0.690218,-0.157713,0.142781,1.43444,0.443176,-0.504575,0.952516
30,30,-0.567232,0.698132,-0.174533,0.174533,-0.574404,0.690218,-0.157713,0.142781,1.43444,0.443176,-0.504575,0.952516
30,30,-0.567232,0.698132,-0.174533,0.174533,-0.574404,0.690218,-0.157713,0.142781,1.43444,0.443176,-0.504575,0.952516
30,30,-0.567232,0.698132,-0.174533,0.174533,-0.574404,0.690218,-0.157713,0.142781,1.43444,0.443176,-0.504575,0.952516
30,30,-0.567232,0.698132,-0.174533,0.174533,-0.574404,0.690218,-0.157713,0.142781,1.43444,0.443176,-0.504575,0.952516
30,30,-0.567232,0.698132,-0.174533,0.174533,-0.574404,0.690218,-0.157713,0.142781,1.43444,0.443176,-0.504575,0.952516
30,30,-0.567232,0.698132,-0.174533,0.174533,-0.574404,0.690218,-0.157713,0.142781,1.43444,0.443176,-0.504575,0.952516
30,30,-0.567232,0.698132,-0.174533,0.174533,-0.574404,0.690218,-0.157713,0.142781,1.43444,0.443176,-0.504575,0.952516
30,30,-0.567232,0.698132,-0.174533,0.174533,-0.574404,0.690218,-0.157713,0.142781,1.43444,0.443176,-0.504575,0.952516
30,30,-0.567232,0.698132,-0.174533,0.174533,-0.574404,0.690218,-0.157713,0.142781,1.43444,0.443176,-0.504575,0.952516
30,30,-0.567232,0.698132,-0.174533,0.174533,-0.574404,0.690218,-0.157713,0.142781,1.43444,0.443176,-0.504575,0.952516
30,30,-0.567232,0.698132,-0.174533,0.174533,-0.574404,0.690218,-0.157713,0.142781,1.43444,0.443176,-0.504575,0.952516
30,30,-0.567232,0.698132,-0.174533,0.174533,-0.574404,0.690218,-0.157713,0.142781,1.43444,0.443176,-0.504575,0.952516
30,30,-0.567232,0.698132,-0.174533,0.174533,-0.574404,0.690218,-0.157713,0.142781,1.43444,0.443176,-0.504575,0.952516
30,30,-0.567232,0.698132,-0.174533,0.174533,-0.574404,0.690218,-0.157713,0.142781,1.43444,0.443176,-0.504575,0.952516
30,30,-0.567232,0.698132,-0.174533,0.174533,-0.574404,0.690218,-0.157765,0.142808,1.43444,0.443176,-0.503013,0.951732
30,30,-0.567232,0.698132,-0.174533,0.174533,-0.574404,0.690218,-0.157765,0.142808,1.43444,0.443176,-0.503013,0.951732
30,30,-0.567232,0.698132,-0.174533,0.174533,-0.574404,0.690218,-0.157765,0.142808,1.43444,0.443176,-0.503013,0.951732
30,30,-0.567232,0.698132,-0.174533,0.174533,-0.574404,0.690218,-0.157765,0.142808,1.43444,0.443176,-0.503013,0.951732
30,30,-0.567232,0.698132,-0.174533,0.174533,-0.574404,0.690218,-0.157765,0.142808,1.43444,0.443176,-0.503013,0.951732
30,30,-0.567232,0.698132,-0.174533,0.174533,-0.574404,0.690218,-0.157715,0.142851,1.43444,0.443176,-0.504524,0.950417
30,30,-0.567232,0.698132,-0.174533,0.174533,-0.574404,0.690218,-0.157715,0.142851,1.43444,0.443176,-0.504524,0.950417
30,30,-0.567232,0.698132,-0.174533,0.174533,-0.574404,0.690218,-0.157715,0.142851,1.43444,0.443176,-0.504524,0.950417
30,30,-0.567232,0.698132,-0.174533,0.174533,-0.574404,0.690218,-0.157715,0.142851,1.43444,0.443176,-0.504524,0.950417
30,30,-0.567232,0.698132,-0.174533,0.174533,-0.574404,0.690218,-0.157715,0.142851,1.43444,0.443176,-0.504524,0.950417
30,30,-0.567232,0.698132,-0.174533,0.174533,-0.574404,0.690218,-0.157715,0.142851,1.43444,0.443176,-0.504524,0.950417
30,30,-0.567232,0.698132,-0.174533,0.174533,-0.574404,0.690218,-0.157715,0.142851,1.43444,0.443176,-0.504524,0.950417
30,30,-0.567232,0.698132,-0.174533,0.174533,-0.574404,0.690218,-0.157715,0.142851,1.43444,0.443176,-0.504524,0.950417
30,30,-0.567232,0.698132,-0.174533,0.174533,-0.574404,0.690218,-0.157715,0.142851,1.43444,0.443176,-0.504524,0.950417
30,30,-0.567232,0.698132,-0.174533,0.174533,-0.574404,0.690218,-0.157715,0.142851,1.43444,0.443176,-0.504524,0.950417
30,30,-0.567232,0.698132,-0.174533,0.174533,-0.574404,0.690218,-0.157715,0.142851,1.43444,0.443176,-0.504524,0.950417
30,30,-0.567232,0.698132,-0.174533,0.174533,-0.574404,0.690218,-0.157715,0.142851,1.43444,0.443176,-0.504524,0.950417
30,30,-0.567232,0.698132,-0.174533,0.174533,-0.574404,0.690218,-0.157715,0.142851,1.43444,0.443176,-0.504524,0.950417
30,30,-0.567232,0.698132,-0.174533,0.174533,-0.574404,0.690218,-0.157715,0.142851,1.43444,0.443176,-0.504524,0.950417
30,30,-0.567232,0.698132,-0.174533,0.174533,-0.574404,0.690218,-0.157715,0.142851,1.43444,0.443176,-0.504524,0.950417
30,30,-0.567232,0.698132,-0.174533,0.174533,-0.574404,0.690218,-0.157715,0.142851,1.43444,0.443176,-0.504524,0.950417
30,30,-0.567232,0.698132,-0.174533,0.174533,-0.574404,0.690218,-0.157715,0.142851,1.43444,0.443176,-0.504524,0.950417
30,30,-0.567232,0.698132,-0.174533,0.174533,-0.574404,0.690218,-0.157715,0.142851,1.43444,0.443176,-0.504524,0.950417
30,30,-0.567232,0.698132,-0.174533,0.174533,-0.574404,0.690218,-0.157715,0.142851,1.43444,0.443176,-0.504524,0.950417
30,30,-0.567232,0.698132,-0.174533,0.174533,-0.574404,0.690218,-0.157715,0.142851,1.43444,0.443176,-0.504524,0.950417
30,30,-0.567232,0.698132,-0.174533,0.174533,-0.574404,0.690218,-0.157715,0.142851,1.43444,0.443176,-0.504524,0.950417
30,30,-0.567232,0.698132,-0.174533,0.174533,-0.574404,0.690218,-0.157715,0.142851,1.43444,0.443176,-0.504524,0.950417
30,30,-0.567232,0.698132,-0.174533,0.174533,-0.574404,0.690218,-0.157768,0.142877,1.43444,0.443176,-0.50296,0.949632
30,30,-0.567232,0.698132,-0.174533,0.174533,-0.574404,0.690218,-0.157768,0.142877,1.43444,0.443176,-0.50296,0.949632
30,30,-0.567232,0.698132,-0.174533,0.174533,-0.574404,0.690218,-0.157768,0.142877,1.43444,0.443176,-0.50296,0.949632
30,30,-0.567232,0.698132,-0.174533,0.174533,-0.574404,0.690218,-0.157768,0.142877,1.43444,0.443176,-0.50296,0.949632
30,30,-0.567232,0.698132,-0.174533,0.174533,-0.574404,0.690218,-0.157768,0.142877,1.43444,0.443176,-0.50296,0.949632
30,30,-0.567232,0.698132,-0.174533,0.174533,-0.574404,0.690218,-0.157768,0.142877,1.43444,0.443176,-0.50296,0.949632
30,30,-0.567232,0.698132,-0.174533,0.174533,-0.574404,0.690218,-0.157768,0.142877,1.43444,0.443176,-0.50296,0.949632
30,30,-0.567232,0.698132,-0.174533,0.174533,-0.574404,0.690218,-0.157768,0.142877,1.43444,0.443176,-0.50296,0.949632
30,30,-0.567232,0.698132,-0.174533,0.174533,-0.574404,0.690218,-0.157768,0.142877,1.43444,0.443176,-0.50296,0.949632
30,30,-0.567232,0.698132,-0.174533,0.174533,-0.574404,0.690218,-0.157768,0.142877,1.43444,0.443176,-0.50296,0.949632
30,30,-0.567232,0.698132,-0.174533,0.174533,-0.574404,0.690218,-0.157768,0.142877,1.43444,0.443176,-0.50296,0.949632
30,30,-0.567232,0.698132,-0.174533,0.174533,-0.574404,0.690218,-0.157768,0.142877,1.43444,0.443176,-0.50296,0.949632
30,30,-0.567232,0.698132,-0.174533,0.174533,-0.574404,0.690218,-0.157768,0.142877,1.43444,0.443176,-0.50296,0.949632
30,30,-0.567232,0.698132,-0.174533,0.174533,-0.574404,0.690218,-0.157768,0.142877,1.43444,0.443176,-0.50296,0.949632
30,30,-0.567232,0.698132,-0.174533,0.174533,-0.574404,0.690218,-0.157768,0.142877,1.43444,0.443176,-0.50296,0.949632
30,30,-0.567232,0.698132,-0.174533,0.174533,-0.574404,0.690218,-0.157768,0.142877,1.43444,0.443176,-0.50296,0.949632
30,30,-0.567232,0.698132,-0.174533,0.174533,-0.574404,0.690218,-0.157768,0.142877,1.43444,0.443176,-0.50296,0.949632
30,30,-0.567232,0.698132,-0.174533,0.174533,-0.574404,0.690218,-0.157768,0.142877,1.43444,0.443176,-0.50296,0.949632
30,30,-0.567232,0.698132,-0.174533,0.174533,-0.574404,0.690218,-0.157768,0.142877,1.43444,0.443176,-0.50296,0.949632
30,30,-0.567232,0.698132,-0.174533,0.174533,-0.574404,0.690218,-0.157768,0.142877,1.43444,0.443176,-0.50296,0.949632
30,30,-0.567232,0.698132,-0.174533,0.174533,-0.574404,0.690218,-0.157768,0.142877,1.43444,0.443176,-0.50296,0.949632
30,30,-0.567232,0.698132,-0.174533,0.174533,-0.574404,0.690218,-0.157768,0.142877,1.43444,0.443176,-0.50296,0.949632
30,30,-0.567232,0.698132,-0.174533,0.174533,-0.574404,0.690218,-0.157768,0.142877,1.43444,0.443176,-0.50296,0.949632
30,30,-0.567232,0.698132,-0.174533,0.174533,-0.574404,0.690218,-0.157768,0.142877,1.43444,0.443176,-0.50296,0.949632
30,30,-0.567232,0.698132,-0.174533,0.174533,-0.574404,0.690218,-0.157768,0.142877,1.43444,0.443176,-0.50296,0.949632
30,30,-0.567232,0.698132,-0.174533,0.174533,-0.574404,0.690218,-0.157768,0.142877,1.43444,0.443176,-0.50296,0.949632
30,30,-0.567232,0.698132,-0.174533,0.174533,-0.574404,0.690218,-0.157768,0.142877,1.43444,0.443176,-0.50296,0.949632
30,30,-0.567232,0.698132,-0.174533,0.174533,-0.574404,0.690218,-0.157768,0.142877,1.43444,0.443176,-0.50296,0.949632
30,30,-0.567232,0.698132,-0.174533,0.174533,-0.574404,0.690218,-0.157768,0.142877,1.43444,0.443176,-0.50296,0.949632
30,30,-0.567232,0.698132,-0.174533,0.174533,-0.574404,0.690218,-0.157768,0.142877,1.43444,0.443176,-0.50296,0.949632
30,30,-0.567232,0.698132,-0.174533,0.174533,-0.574404,0.690218,-0.157768,0.142877,1.43444,0.443176,-0.50296,0.949632
30,30,-0.567232,0.698132,-0.174533,0.174533,-0.574404,0.690218,-0.157768,0.142877,1.43444,0.443176,-0.50296,0.949632
30,30,-0.567232,0.698132,-0.174533,0.174533,-0.574404,0.690218,-0.157817,0.142832,1.43444,0.443176,-0.501489,0.950981
30,30,-0.567232,0.698132,-0.174533,0.174533,-0.574404,0.690218,-0.157817,0.142832,1.43444,0.443176,-0.501489,0.950981
30,30,-0.567232,0.698132,-0.174533,0.174533,-0.574404,0.690218,-0.157817,0.142832,1.43444,0.443176,-0.501489,0.950981
30,30,-0.567232,0.698132,-0.174533,0.174533,-0.574404,0.690218,-0.157817,0.142832,1.43444,0.443176,-0.501489,0.950981
30,30,-0.567232,0.698132,-0.174533,0.174533,-0.574404,0.690218,-0.157817,0.142832,1.43444,0.443176,-0.501489,0.950981
30,30,-0.567232,0.698132,-0.174533,0.174533,-0.574404,0.690218,-0.157817,0.142832,1.43444,0.443176,-0.501489,0.950981
30,30,-0.567232,0.698132,-0.174533,0.174533,-0.574404,0.690218,-0.157817,0.142832,1.43444,0.443176,-0.501489,0.950981
30,30,-0.567232,0.698132,-0.174533,0.174533,-0.574404,0.690218,-0.157767,0.142876,1.43444,0.443176,-0.502981,0.949684
30,30,-0.567232,0.698132,-0.174533,0.174533,-0.574404,0.690218,-0.157767,0.142876,1.43444,0.443176,-0.502981,0.949684
30,30,-0.567232,0.698132,-0.174533,0.174533,-0.574404,0.690218,-0.157767,0.142876,1.43444,0.443176,-0.502981,0.949684
30,30,-0.567232,0.698132,-0.174533,0.174533,-0.574404,0.690218,-0.157767,0.142876,1.43444,0.443176,-0.502981,0.949684
30,30,-0.567232,0.698132,-0.174533,0.174533,-0.574404,0.690218,-0.157767,0.142876,1.43444,0.443176,-0.502981,0.949684
30,30,-0.567232,0.698132,-0.174533,0.174533,-0.574404,0.690218,-0.157767,0.142876,1.43444,0.443176,-0.502981,0.949684
30,30,-0.567232,0.698132,-0.174533,0.174533,-0.574404,0.690218,-0.157767,0.142876,1.43444,0.443176,-0.502981,0.949684
30,30,-0.567232,0.698132,-0.174533,0.174533,-0.574404,0.690218,-0.157767,0.142876,1.43444,0.443176,-0.502981,0.949684
30,30,-0.567232,0.698132,-0.174533,0.174533,-0.574404,0.690218,-0.157767,0.142876,1.43444,0.443176,-0.502981,0.949684
30,30,-0.567232,0.698132,-0.174533,0.174533,-0.574404,0.690218,-0.157767,0.142876,1.43444,0.443176,-0.502981,0.949684
30,30,-0.567232,0.698132,-0.174533,0.174533,-0.574404,0.690218,-0.157767,0.142876,1.43444,0.443176,-0.502981,0.949684
30,30,-0.567232,0.698132,-0.174533,0.174533,-0.574404,0.690218,-0.157767,0.142876,1.43444,0.443176,-0.502981,0.949684
30,30,-0.567232,0.698132,-0.174533,0.174533,-0.574404,0.690218,-0.157767,0.142876,1.43444,0.443176,-0.502981,0.949684
30,30,-0.567232,0.698132,-0.174533,0.174533,-0.574404,0.690218,-0.157767,0.142876,1.43444,0.443176,-0.502981,0.949684
30,30,-0.567232,0.698132,-0.174533,0.174533,-0.574404,0.690218,-0.157767,0.142876,1.43444,0.443176,-0.502981,0.949684
30,30,-0.567232,0.698132,-0.174533,0.174533,-0.574404,0.690218,-0.157767,0.142876,1.43444,0.443176,-0.502981,0.949684
30,30,-0.567232,0.698132,-0.174533,0.174533,-0.574404,0.690218,-0.157767,0.142876,1.43444,0.443176,-0.502981,0.949684
30,30,-0.567232,0.698132,-0.174533,0.174533,-0.574404,0.690218,-0.157819,0.142902,1.43444,0.443176,-0.50141,0.948895
30,30,-0.567232,0.698132,-0.174533,0.174533,-0.574404,0.690218,-0.157819,0.142902,1.43444,0.443176,-0.50141,0.948895
30,30,-0.567232,0.698132,-0.174533,0.174533,-0.574404,0.690218,-0.157819,0.142902,1.43444,0.443176,-0.50141,0.948895
30,30,-0.567232,0.698132,-0.174533,0.174533,-0.574404,0.690218,-0.157819,0.142902,1.43444,0.443176,-0.50141,0.948895
30,30,-0.567232,0.698132,-0.174533,0.174533,-0.574404,0.690218,-0.157819,0.142902,1.43444,0.443176,-0.50141,0.948895
30,30,-0.567232,0.698132,-0.174533,0.174533,-0.574404,0.690218,-0.157819,0.142902,1.43444,0.443176,-0.50141,0.948895
30,30,-0.567232,0.698132,-0.174533,0.174533,-0.574404,0.690218,-0.157819,0.142902,1.43444,0.443176,-0.50141,0.948895
30,30,-0.567232,0.698132,-0.174533,0.174533,-0.574404,0.690218,-0.157819,0.142902,1.43444,0.443176,-0.50141,0.948895
30,30,-0.567232,0.698132,-0.174533,0.174533,-0.574404,0.690218,-0.157819,0.142902,1.43444,0.443176,-0.50141,0.948895
30,30,-0.567232,0.698132,-0.174533,0.174533,-0.574404,0.690218,-0.157819,0.142902,1.43444,0.443176,-0.50141,0.948895
30,30,-0.567232,0.698132,-0.174533,0.174533,-0.574404,0.690218,-0.157819,0.142902,1.43444,0.443176,-0.50141,0.948895
30,30,-0.567232,0.698132,-0.174533,0.174533,-0.574404,0.690218,-0.157819,0.142902,1.43444,0.443176,-0.50141,0.948895
30,30,-0.567232,0.698132,-0.174533,0.174533,-0.574404,0.690218,-0.157819,0.142902,1.43444,0.443176,-0.50141,0.948895
30,30,-0.567232,0.698132,-0.174533,0.174533,-0.574404,0.690218,-0.157819,0.142902,1.43444,0.443176,-0.50141,0.948895
30,30,-0.567232,0.698132,-0.174533,0.174533,-0.574404,0.690218,-0.157819,0.142902,1.43444,0.443176,-0.50141,0.948895
30,30,-0.567232,0.698132,-0.174533,0.174533,-0.574404,0.690218,-0.157819,0.142902,1.43444,0.443176,-0.50141,0.948895
30,30,-0.567232,0.698132,-0.174533,0.174533,-0.574404,0.690218,-0.157819,0.142902,1.43444,0.443176,-0.50141,0.948895
30,30,-0.567232,0.698132,-0.174533,0.174533,-0.574404,0.690218,-0.157819,0.142902,1.43444,0.443176,-0.50141,0.948895
30,30,-0.567232,0.698132,-0.174533,0.174533,-0.574404,0.690218,-0.157819,0.142902,1.43444,0.443176,-0.50141,0.948895
30,30,-0.567232,0.698132,-0.174533,0.174533,-0.574404,0.690218,-0.157819,0.142902,1.43444,0.443176,-0.50141,0.948895
30,30,-0.567232,0.698132,-0.174533,0.174533,-0.574404,0.690218,-0.157819,0.142902,1.43444,0.443176,-0.50141,0.948895
30,30,-0.567232,0.698132,-0.174533,0.174533,-0.574404,0.690218,-0.157819,0.142902,1.43444,0.443176,-0.50141,0.948895
30,30,-0.567232,0.698132,-0.174533,0.174533,-0.574404,0.690218,-0.157819,0.142902,1.43444,0.443176,-0.50141,0.948895
30,30,-0.567232,0.698132,-0.174533,0.174533,-0.574404,0.690218,-0.157819,0.142902,1.43444,0.443176,-0.50141,0.948895
30,30,-0.567232,0.698132,-0.174533,0.174533,-0.574404,0.690218,-0.157819,0.142902,1.43444,0.443176,-0.50141,0.948895
30,30,-0.567232,0.698132,-0.174533,0.174533,-0.574404,0.690218,-0.157819,0.142902,1.43444,0.443176,-0.50141,0.948895
30,30,-0.567232,0.698132,-0.174533,0.174533,-0.574404,0.690218,-0.157819,0.142902,1.43444,0.443176,-0.50141,0.948895
30,30,-0.567232,0.698132,-0.174533,0.174533,-0.574404,0.690218,-0.157819,0.142902,1.43444,0.443176,-0.50141,0.948895
30,30,-0.567232,0.698132,-0.174533,0.174533,-0.574404,0.690218,-0.157819,0.142902,1.43444,0.443176,-0.50141,0.948895
30,30,-0.567232,0.698132,-0.174533,0.174533,-0.574404,0.690218,-0.157819,0.142902,1.43444,0.443176,-0.50141,0.948895
30,30,-0.567232,0.698132,-0.174533,0.174533,-0.574404,0.690218,-0.157816,0.142831,1.43444,0.443176,-0.501509,0.951034
30,30,-0.567232,0.698132,-0.174533,0.174533,-0.574404,0.690218,-0.157816,0.142831,1.43444,0.443176,-0.501509,0.951034
30,30,-0.567232,0.698132,-0.174533,0.174533,-0.574404,0.690218,-0.157816,0.142831,1.43444,0.443176,-0.501509,0.951034
30,30,-0.567232,0.698132,-0.174533,0.174533,-0.574404,0.690218,-0.157816,0.142831,1.43444,0.443176,-0.501509,0.951034
30,30,-0.567232,0.698132,-0.174533,0.174533,-0.574404,0.690218,-0.157816,0.142831,1.43444,0.443176,-0.501509,0.951034
30,30,-0.567232,0.698132,-0.174533,0.174533,-0.574404,0.690218,-0.157816,0.142831,1.43444,0.443176,-0.501509,0.951034
30,30,-0.567232,0.698132,-0.174533,0.174533,-0.574404,0.690218,-0.157816,0.142831,1.43444,0.443176,-0.501509,0.951034
30,30,-0.567232,0.698132,-0.174533,0.174533,-0.574404,0.690218,-0.157816,0.142831,1.43444,0.443176,-0.501509,0.951034
30,30,-0.567232,0.698132,-0.174533,0.174533,-0.574404,0.690218,-0.157816,0.142831,1.43444,0.443176,-0.501509,0.951034
30,30,-0.567232,0.698132,-0.174533,0.174533,-0.574404,0.690218,-0.157816,0.142831,1.43444,0.443176,-0.501509,0.951034
30,30,-0.567232,0.698132,-0.174533,0.174533,-0.574404,0.690218,-0.157816,0.142831,1.43444,0.443176,-0.501509,0.951034
30,30,-0.567232,0.698132,-0.174533,0.174533,-0.574404,0.690218,-0.157816,0.142831,1.43444,0.443176,-0.501509,0.951034
30,30,-0.567232,0.698132,-0.174533,0.174533,-0.574404,0.690218,-0.157816,0.142831,1.43444,0.443176,-0.501509,0.951034
30,30,-0.567232,0.698132,-0.174533,0.174533,-0.574404,0.690218,-0.157816,0.142831,1.43444,0.443176,-0.501509,0.951034
30,30,-0.567232,0.698132,-0.174533,0.174533,-0.574404,0.690218,-0.157816,0.142831,1.43444,0.443176,-0.501509,0.951034
30,30,-0.567232,0.698132,-0.174533,0.174533,-0.574404,0.690218,-0.157816,0.142831,1.43444,0.443176,-0.501509,0.951034
30,30,-0.567232,0.698132,-0.174533,0.174533,-0.574404,0.690218,-0.157816,0.142831,1.43444,0.443176,-0.501509,0.951034
30,30,-0.567232,0.698132,-0.174533,0.174533,-0.574404,0.690218,-0.157816,0.142831,1.43444,0.443176,-0.501509,0.951034
30,30,-0.567232,0.698132,-0.174533,0.174533,-0.574404,0.690218,-0.157816,0.142831,1.43444,0.443176,-0.501509,0.951034
30,30,-0.567232,0.698132,-0.174533,0.174533,-0.574404,0.690218,-0.157869,0.142857,1.43444,0.443176,-0.499933,0.950243
30,30,-0.567232,0.698132,-0.174533,0.174533,-0.574404,0.690218,-0.157869,0.142857,1.43444,0.443176,-0.499933,0.950243
30,30,-0.567232,0.698132,-0.174533,0.174533,-0.574404,0.690218,-0.157869,0.142857,1.43444,0.443176,-0.499933,0.950243
30,30,-0.567232,0.698132,-0.174533,0.174533,-0.574404,0.690218,-0.157869,0.142857,1.43444,0.443176,-0.499933,0.950243
30,30,-0.567232,0.698132,-0.174533,0.174533,-0.574404,0.690218,-0.157869,0.142857,1.43444,0.443176,-0.499933,0.950243
30,30,-0.567232,0.698132,-0.174533,0.174533,-0.574404,0.690218,-0.157869,0.142857,1.43444,0.443176,-0.499933,0.950243
30,30,-0.567232,0.698132,-0.174533,0.174533,-0.574404,0.690218,-0.157869,0.142857,1.43444,0.443176,-0.499933,0.950243
30,30,-0.567232,0.698132,-0.174533,0.174533,-0.574404,0.690218,-0.157869,0.142857,1.43444,0.443176,-0.499933,0.950243
30,30,-0.567232,0.698132,-0.174533,0.174533,-0.574404,0.690218,-0.157869,0.142857,1.43444,0.443176,-0.499933,0.950243
30,30,-0.567232,0.698132,-0.174533,0.174533,-0.574404,0.690218,-0.157869,0.142857,1.43444,0.443176,-0.499933,0.950243
30,30,-0.567232,0.698132,-0.174533,0.174533,-0.574404,0.690218,-0.157869,0.142857,1.43444,0.443176,-0.499933,0.950243
30,30,-0.567232,0.698132,-0.174533,0.174533,-0.574404,0.690218,-0.157869,0.142857,1.43444,0.443176,-0.499933,0.950243
30,30,-0.567232,0.698132,-0.174533,0.174533,-0.574404,0.690218,-0.157869,0.142857,1.43444,0.443176,-0.499933,0.950243
30,30,-0.567232,0.698132,-0.174533,0.174533,-0.574404,0.690218,-0.157869,0.142857,1.43444,0.443176,-0.499933,0.950243
30,30,-0.567232,0.698132,-0.174533,0.174533,-0.574404,0.690218,-0.157869,0.142857,1.43444,0.443176,-0.499933,0.950243
30,30,-0.567232,0.698132,-0.174533,0.174533,-0.574404,0.690218,-0.157869,0.142857,1.43444,0.443176,-0.499933,0.950243
30,30,-0.567232,0.698132,-0.174533,0.174533,-0.574404,0.690218,-0.157869,0.142857,1.43444,0.443176,-0.499933,0.950243
30,30,-0.567232,0.698132,-0.174533,0.174533,-0.574404,0.690218,-0.157819,0.142901,1.43444,0.443176,-0.501422,0.948948
30,30,-0.567232,0.698132,-0.174533,0.174533,-0.574404,0.690218,-0.157819,0.142901,1.43444,0.443176,-0.501422,0.948948
30,30,-0.567232,0.698132,-0.174533,0.174533,-0.574404,0.690218,-0.157819,0.142901,1.43444,0.443176,-0.501422,0.948948
30,30,-0.567232,0.698132,-0.174533,0.174533,-0.574404,0.690218,-0.157815,0.142829,1.43444,0.443176,-0.501521,0.951086
30,30,-0.567232,0.698132,-0.174533,0.174533,-0.574404,0.690218,-0.157815,0.142829,1.43444,0.443176,-0.501521,0.951086
30,30,-0.567232,0.698132,-0.174533,0.174533,-0.574404,0.690218,-0.157815,0.142829,1.43444,0.443176,-0.501521,0.951086
30,30,-0.567232,0.698132,-0.174533,0.174533,-0.574404,0.690218,-0.157815,0.142829,1.43444,0.443176,-0.501521,0.951086
30,30,-0.567232,0.698132,-0.174533,0.174533,-0.574404,0.690218,-0.157815,0.142829,1.43444,0.443176,-0.501521,0.951086
30,30,-0.567232,0.698132,-0.174533,0.174533,-0.574404,0.690218,-0.157815,0.142829,1.43444,0.443176,-0.501521,0.951086
30,30,-0.567232,0.698132,-0.174533,0.174533,-0.574404,0.690218,-0.157815,0.142829,1.43444,0.443176,-0.501521,0.951086
30,30,-0.567232,0.698132,-0.174533,0.174533,-0.574404,0.690218,-0.157815,0.142829,1.43444,0.443176,-0.501521,0.951086
30,30,-0.567232,0.698132,-0.174533,0.174533,-0.574404,0.690218,-0.157815,0.142829,1.43444,0.443176,-0.501521,0.951086
30,30,-0.567232,0.698132,-0.174533,0.174533,-0.574404,0.690218,-0.157815,0.142829,1.43444,0.443176,-0.501521,0.951086
30,30,-0.567232,0.698132,-0.174533,0.174533,-0.574404,0.690218,-0.157815,0.142829,1.43444,0.443176,-0.501521,0.951086
30,30,-0.567232,0.698132,-0.174533,0.174533,-0.574404,0.690218,-0.157815,0.142829,1.43444,0.443176,-0.501521,0.951086
30,30,-0.567232,0.698132,-0.174533,0.174533,-0.574404,0.690218,-0.157765,0.142873,1.43444,0.443176,-0.503012,0.949789
30,30,-0.567232,0.698132,-0.174533,0.174533,-0.574404,0.690218,-0.157765,0.142873,1.43444,0.443176,-0.503012,0.949789
30,30,-0.567232,0.698132,-0.174533,0.174533,-0.574404,0.690218,-0.157762,0.142801,1.43444,0.443176,-0.503112,0.951932
30,30,-0.567232,0.698132,-0.174533,0.174533,-0.574404,0.690218,-0.157762,0.142801,1.43444,0.443176,-0.503112,0.951932
30,30,-0.567232,0.698132,-0.174533,0.174533,-0.574404,0.690218,-0.157762,0.142801,1.43444,0.443176,-0.503112,0.951932
30,30,-0.567232,0.698132,-0.174533,0.174533,-0.574404,0.690218,-0.157762,0.142801,1.43444,0.443176,-0.503112,0.951932
30,30,-0.567232,0.698132,-0.174533,0.174533,-0.574404,0.690218,-0.157762,0.142801,1.43444,0.443176,-0.503112,0.951932
30,30,-0.567232,0.698132,-0.174533,0.174533,-0.574404,0.690218,-0.157762,0.142801,1.43444,0.443176,-0.503112,0.951932
30,30,-0.567232,0.698132,-0.174533,0.174533,-0.574404,0.690218,-0.157762,0.142801,1.43444,0.443176,-0.503112,0.951932
30,30,-0.567232,0.698132,-0.174533,0.174533,-0.574404,0.690218,-0.157762,0.142801,1.43444,0.443176,-0.503112,0.951932
30,30,-0.567232,0.698132,-0.174533,0.174533,-0.574404,0.690218,-0.157762,0.142801,1.43444,0.443176,-0.503112,0.951932
30,30,-0.567232,0.698132,-0.174533,0.174533,-0.574404,0.690218,-0.157762,0.142801,1.43444,0.443176,-0.503112,0.951932
30,30,-0.567232,0.698132,-0.174533,0.174533,-0.574404,0.690218,-0.157759,0.14273,1.43444,0.443176,-0.503211,0.954075
30,30,-0.567232,0.698132,-0.174533,0.174533,-0.574404,0.690218,-0.157759,0.14273,1.43444,0.443176,-0.503211,0.954075
30,30,-0.567232,0.698132,-0.174533,0.174533,-0.574404,0.690218,-0.157759,0.14273,1.43444,0.443176,-0.503211,0.954075
30,30,-0.567232,0.698132,-0.174533,0.174533,-0.574404,0.690218,-0.157759,0.14273,1.43444,0.443176,-0.503211,0.954075
30,30,-0.567232,0.698132,-0.174533,0.174533,-0.574404,0.690218,-0.157759,0.14273,1.43444,0.443176,-0.503211,0.954075
30,30,-0.567232,0.698132,-0.174533,0.174533,-0.574404,0.690218,-0.157759,0.14273,1.43444,0.443176,-0.503211,0.954075
30,30,-0.567232,0.698132,-0.174533,0.174533,-0.574404,0.690218,-0.157759,0.14273,1.43444,0.443176,-0.503211,0.954075
30,30,-0.567232,0.698132,-0.174533,0.174533,-0.574404,0.690218,-0.157755,0.142659,1.43444,0.443176,-0.503311,0.956235
30,30,-0.567232,0.698132,-0.174533,0.174533,-0.574404,0.690218,-0.157755,0.142659,1.43444,0.443176,-0.503311,0.956235
30,30,-0.567232,0.698132,-0.174533,0.174533,-0.574404,0.690218,-0.157755,0.142659,1.43444,0.443176,-0.503311,0.956235
30,30,-0.567232,0.698132,-0.174533,0.174533,-0.574404,0.690218,-0.157755,0.142659,1.43444,0.443176,-0.503311,0.956235
30,30,-0.567232,0.698132,-0.174533,0.174533,-0.574404,0.690218,-0.157755,0.142659,1.43444,0.443176,-0.503311,0.956235
30,30,-0.567232,0.698132,-0.174533,0.174533,-0.574404,0.690218,-0.157808,0.142685,1.43444,0.443176,-0.501741,0.955446
30,30,-0.567232,0.698132,-0.174533,0.174533,-0.574404,0.690218,-0.157808,0.142685,1.43444,0.443176,-0.501741,0.955446
30,30,-0.567232,0.698132,-0.174533,0.174533,-0.574404,0.690218,-0.157805,0.142614,1.43444,0.443176,-0.501842,0.957616
30,30,-0.567232,0.698132,-0.174533,0.174533,-0.574404,0.690218,-0.157805,0.142614,1.43444,0.443176,-0.501842,0.957616
30,30,-0.567232,0.698132,-0.174533,0.174533,-0.574404,0.690218,-0.157805,0.142614,1.43444,0.443176,-0.501842,0.957616
30,30,-0.567232,0.698132,-0.174533,0.174533,-0.574404,0.690218,-0.157805,0.142614,1.43444,0.443176,-0.501842,0.957616
30,30,-0.567232,0.698132,-0.174533,0.174533,-0.574404,0.690218,-0.157805,0.142614,1.43444,0.443176,-0.501842,0.957616
30,30,-0.567232,0.698132,-0.174533,0.174533,-0.574404,0.690218,-0.157805,0.142614,1.43444,0.443176,-0.501842,0.957616
30,30,-0.567232,0.698132,-0.174533,0.174533,-0.574404,0.690218,-0.157755,0.142657,1.43444,0.443176,-0.503338,0.956315
30,30,-0.567232,0.698132,-0.174533,0.174533,-0.574404,0.690218,-0.157755,0.142657,1.43444,0.443176,-0.503338,0.956315
30,30,-0.567232,0.698132,-0.174533,0.174533,-0.574404,0.690218,-0.157755,0.142657,1.43444,0.443176,-0.503338,0.956315
30,30,-0.567232,0.698132,-0.174533,0.174533,-0.574404,0.690218,-0.157755,0.142657,1.43444,0.443176,-0.503338,0.956315
30,30,-0.567232,0.698132,-0.174533,0.174533,-0.574404,0.690218,-0.157755,0.142657,1.43444,0.443176,-0.503338,0.956315
30,30,-0.567232,0.698132,-0.174533,0.174533,-0.574404,0.690218,-0.157755,0.142657,1.43444,0.443176,-0.503338,0.956315
30,30,-0.567232,0.698132,-0.174533,0.174533,-0.574404,0.690218,-0.157755,0.142657,1.43444,0.443176,-0.503338,0.956315
30,30,-0.567232,0.698132,-0.174533,0.174533,-0.574404,0.690218,-0.157751,0.142586,1.43444,0.443176,-0.50344,0.958519
30,30,-0.567232,0.698132,-0.174533,0.174533,-0.574404,0.690218,-0.157751,0.142586,1.43444,0.443176,-0.50344,0.958519
30,30,-0.567232,0.698132,-0.174533,0.174533,-0.574404,0.690218,-0.157751,0.142586,1.43444,0.443176,-0.50344,0.958519
30,30,-0.567232,0.698132,-0.174533,0.174533,-0.574404,0.690218,-0.157751,0.142586,1.43444,0.443176,-0.50344,0.958519
30,30,-0.567232,0.698132,-0.174533,0.174533,-0.574404,0.690218,-0.157751,0.142586,1.43444,0.443176,-0.50344,0.958519
30,30,-0.567232,0.698132,-0.174533,0.174533,-0.574404,0.690218,-0.157751,0.142586,1.43444,0.443176,-0.50344,0.958519
30,30,-0.567232,0.698132,-0.174533,0.174533,-0.574404,0.690218,-0.157751,0.142586,1.43444,0.443176,-0.50344,0.958519
30,30,-0.567232,0.698132,-0.174533,0.174533,-0.574404,0.690218,-0.157751,0.142586,1.43444,0.443176,-0.50344,0.958519
30,30,-0.567232,0.698132,-0.174533,0.174533,-0.574404,0.690218,-0.157751,0.142586,1.43444,0.443176,-0.50344,0.958519
30,30,-0.567232,0.698132,-0.174533,0.174533,-0.574404,0.690218,-0.157751,0.142586,1.43444,0.443176,-0.50344,0.958519
30,30,-0.567232,0.698132,-0.174533,0.174533,-0.574404,0.690218,-0.157751,0.142586,1.43444,0.443176,-0.50344,0.958519
30,30,-0.567232,0.698132,-0.174533,0.174533,-0.574404,0.690218,-0.157751,0.142586,1.43444,0.443176,-0.50344,0.958519
30,30,-0.567232,0.698132,-0.174533,0.174533,-0.574404,0.690218,-0.157751,0.142586,1.43444,0.443176,-0.50344,0.958519
30,30,-0.567232,0.698132,-0.174533,0.174533,-0.574404,0.690218,-0.157751,0.142586,1.43444,0.443176,-0.50344,0.958519
30,30,-0.567232,0.698132,-0.174533,0.174533,-0.574404,0.690218,-0.157751,0.142586,1.43444,0.443176,-0.50344,0.958519
30,30,-0.567232,0.698132,-0.174533,0.174533,-0.574404,0.690218,-0.157751,0.142586,1.43444,0.443176,-0.50344,0.958519
30,30,-0.567232,0.698132,-0.174533,0.174533,-0.574404,0.690218,-0.157751,0.142586,1.43444,0.443176,-0.50344,0.958519
30,30,-0.567232,0.698132,-0.174533,0.174533,-0.574404,0.690218,-0.157751,0.142586,1.43444,0.443176,-0.50344,0.958519
30,30,-0.567232,0.698132,-0.174533,0.174533,-0.574404,0.690218,-0.157751,0.142586,1.43444,0.443176,-0.50344,0.958519
30,30,-0.567232,0.698132,-0.174533,0.174533,-0.574404,0.690218,-0.1578,0.142541,1.43444,0.443176,-0.501974,0.959876
30,30,-0.567232,0.698132,-0.174533,0.174533,-0.574404,0.690218,-0.1578,0.142541,1.43444,0.443176,-0.501974,0.959876
30,30,-0.567232,0.698132,-0.174533,0.174533,-0.574404,0.690218,-0.1578,0.142541,1.43444,0.443176,-0.501974,0.959876
30,30,-0.567232,0.698132,-0.174533,0.174533,-0.574404,0.690218,-0.1578,0.142541,1.43444,0.443176,-0.501974,0.959876
30,30,-0.567232,0.698132,-0.174533,0.174533,-0.574404,0.690218,-0.1578,0.142541,1.43444,0.443176,-0.501974,0.959876
30,30,-0.567232,0.698132,-0.174533,0.174533,-0.574404,0.690218,-0.1578,0.142541,1.43444,0.443176,-0.501974,0.959876
30,30,-0.567232,0.698132,-0.174533,0.174533,-0.574404,0.690218,-0.1578,0.142541,1.43444,0.443176,-0.501974,0.959876
30,30,-0.567232,0.698132,-0.174533,0.174533,-0.574404,0.690218,-0.1578,0.142541,1.43444,0.443176,-0.501974,0.959876
30,30,-0.567232,0.698132,-0.174533,0.174533,-0.574404,0.690218,-0.1578,0.142541,1.43444,0.443176,-0.501974,0.959876
30,30,-0.567232,0.698132,-0.174533,0.174533,-0.574404,0.690218,-0.157751,0.142585,1.43444,0.443176,-0.503473,0.958572
30,30,-0.567232,0.698132,-0.174533,0.174533,-0.574404,0.690218,-0.157751,0.142585,1.43444,0.443176,-0.503473,0.958572
30,30,-0.567232,0.698132,-0.174533,0.174533,-0.574404,0.690218,-0.157751,0.142585,1.43444,0.443176,-0.503473,0.958572
30,30,-0.567232,0.698132,-0.174533,0.174533,-0.574404,0.690218,-0.157751,0.142585,1.43444,0.443176,-0.503473,0.958572
30,30,-0.567232,0.698132,-0.174533,0.174533,-0.574404,0.690218,-0.157751,0.142585,1.43444,0.443176,-0.503473,0.958572
30,30,-0.567232,0.698132,-0.174533,0.174533,-0.574404,0.690218,-0.157751,0.142585,1.43444,0.443176,-0.503473,0.958572
30,30,-0.567232,0.698132,-0.174533,0.174533,-0.574404,0.690218,-0.157751,0.142585,1.43444,0.443176,-0.503473,0.958572
30,30,-0.567232,0.698132,-0.174533,0.174533,-0.574404,0.690218,-0.157751,0.142585,1.43444,0.443176,-0.503473,0.958572
30,30,-0.567232,0.698132,-0.174533,0.174533,-0.574404,0.690218,-0.157751,0.142585,1.43444,0.443176,-0.503473,0.958572
30,30,-0.567232,0.698132,-0.174533,0.174533,-0.574404,0.690218,-0.157751,0.142585,1.43444,0.443176,-0.503473,0.958572
30,30,-0.567232,0.698132,-0.174533,0.174533,-0.574404,0.690218,-0.157751,0.142585,1.43444,0.443176,-0.503473,0.958571
30,30,-0.567232,0.698132,-0.174533,0.174533,-0.574404,0.690218,-0.157751,0.142585,1.43444,0.443176,-0.503473,0.958564
30,30,-0.567232,0.698132,-0.174533,0.174533,-0.574404,0.690218,-0.157751,0.142585,1.43444,0.443176,-0.503472,0.958557
30,30,-0.567232,0.698132,-0.174533,0.174533,-0.574404,0.690218,-0.157751,0.142585,1.43444,0.443176,-0.503472,0.958551
30,30,-0.567232,0.698132,-0.174533,0.174533,-0.574404,0.690218,-0.157751,0.142585,1.43444,0.443176,-0.503472,0.958545
30,30,-0.567232,0.698132,-0.174533,0.174533,-0.574404,0.690218,-0.157751,0.142585,1.43444,0.443176,-0.503472,0.95854
30,30,-0.567232,0.698132,-0.174533,0.174533,-0.574404,0.690218,-0.157751,0.142585,1.43444,0.443176,-0.503471,0.958536
30,30,-0.567232,0.698132,-0.174533,0.174533,-0.574404,0.690218,-0.157751,0.142585,1.43444,0.443176,-0.503471,0.958531
30,30,-0.567232,0.698132,-0.174533,0.174533,-0.574404,0.690218,-0.157751,0.142585,1.43444,0.443176,-0.503471,0.958527
30,30,-0.567232,0.698132,-0.174533,0.174533,-0.574404,0.690218,-0.157751,0.142585,1.43444,0.443176,-0.503471,0.958523
30,30,-0.567232,0.698132,-0.174533,0.174533,-0.574404,0.690218,-0.157751,0.142585,1.43444,0.443176,-0.503471,0.95852
30,30,-0.567232,0.698132,-0.174533,0.174533,-0.574404,0.690218,-0.157751,0.142585,1.43444,0.443176,-0.503471,0.958517
30,30,-0.567232,0.698132,-0.174533,0.174533,-0.574404,0.690218,-0.157751,0.142585,1.43444,0.443176,-0.50347,0.958514
30,30,-0.567232,0.698132,-0.174533,0.174533,-0.574404,0.690218,-0.157751,0.142585,1.43444,0.443176,-0.50347,0.958511
30,30,-0.567232,0.698132,-0.174533,0.174533,-0.574404,0.690218,-0.157751,0.142585,1.43444,0.443176,-0.50347,0.958508
30,30,-0.567232,0.698132,-0.174533,0.174533,-0.574404,0.690218,-0.157751,0.142585,1.43444,0.443176,-0.50347,0.958505
30,30,-0.567232,0.698132,-0.174533,0.174533,-0.574404,0.690218,-0.157751,0.142585,1.43444,0.443176,-0.50347,0.958503
30,30,-0.567232,0.698132,-0.174533,0.174533,-0.574404,0.690218,-0.157751,0.142585,1.43444,0.443176,-0.50347,0.958501
30,30,-0.567232,0.698132,-0.174533,0.174533,-0.574404,0.690218,-0.157751,0.142585,1.43444,0.443176,-0.50347,0.958499
30,30,-0.567232,0.698132,-0.174533,0.174533,-0.574404,0.690218,-0.157751,0.142585,1.43444,0.443176,-0.50347,0.958497
30,30,-0.567232,0.698132,-0.174533,0.174533,-0.574404,0.690218,-0.157751,0.142585,1.43444,0.443176,-0.50347,0.958495
30,30,-0.567232,0.698132,-0.174533,0.174533,-0.574404,0.690218,-0.157751,0.142585,1.43444,0.443176,-0.503469,0.958493
30,30,-0.567232,0.698132,-0.174533,0.174533,-0.574404,0.690218,-0.157751,0.142585,1.43444,0.443176,-0.503469,0.958491
30,30,-0.567232,0.698132,-0.174533,0.174533,-0.574404,0.690218,-0.157751,0.142585,1.43444,0.443176,-0.503469,0.958489
30,30,-0.567232,0.698132,-0.174533,0.174533,-0.574404,0.690218,-0.157751,0.142585,1.43444,0.443176,-0.503469,0.958488
30,30,-0.567232,0.698132,-0.174533,0.174533,-0.574404,0.690218,-0.157751,0.142585,1.43444,0.443176,-0.503469,0.958486
30,30,-0.567232,0.698132,-0.174533,0.174533,-0.574404,0.690218,-0.157751,0.142585,1.43444,0.443176,-0.503469,0.958485
30,30,-0.567232,0.698132,-0.174533,0.174533,-0.574404,0.690218,-0.157751,0.142585,1.43444,0.443176,-0.503469,0.958483
30,30,-0.567232,0.698132,-0.174533,0.174533,-0.574404,0.690218,-0.157751,0.142585,1.43444,0.443176,-0.503469,0.958482
30,30,-0.567232,0.698132,-0.174533,0.174533,-0.574404,0.690218,-0.157751,0.142585,1.43444,0.443176,-0.503469,0.958481
30,30,-0.567232,0.698132,-0.174533,0.174533,-0.574404,0.690218,-0.157751,0.142585,1.43444,0.443176,-0.503469,0.95848
30,30,-0.567232,0.698132,-0.174533,0.174533,-0.574404,0.690218,-0.157751,0.142585,1.43444,0.443176,-0.503469,0.958478
30,30,-0.567232,0.698132,-0.174533,0.174533,-0.574404,0.690218,-0.157803,0.142611,1.43444,0.443176,-0.501897,0.957689
30,30,-0.567232,0.698132,-0.174533,0.174533,-0.574404,0.690218,-0.157803,0.142611,1.43444,0.443176,-0.501897,0.957688
30,30,-0.567232,0.698132,-0.174533,0.174533,-0.574404,0.690218,-0.157803,0.142611,1.43444,0.443176,-0.501897,0.957687
30,30,-0.567232,0.698132,-0.174533,0.174533,-0.574404,0.690218,-0.157803,0.142611,1.43444,0.443176,-0.501897,0.957686
30,30,-0.567232,0.698132,-0.174533,0.174533,-0.574404,0.690218,-0.157803,0.142611,1.43444,0.443176,-0.501897,0.957685
30,30,-0.567232,0.698132,-0.174533,0.174533,-0.574404,0.690218,-0.157803,0.142611,1.43444,0.443176,-0.501897,0.957684
30,30,-0.567232,0.698132,-0.174533,0.174533,-0.574404,0.690218,-0.157803,0.142611,1.43444,0.443176,-0.501897,0.957683
30,30,-0.567232,0.698132,-0.174533,0.174533,-0.574404,0.690218,-0.157803,0.142611,1.43444,0.443176,-0.501897,0.957682
30,30,-0.567232,0.698132,-0.174533,0.174533,-0.574404,0.690218,-0.157753,0.142654,1.43444,0.443176,-0.503398,0.956376
30,30,-0.567232,0.698132,-0.174533,0.174533,-0.574404,0.690218,-0.157753,0.142654,1.43444,0.443176,-0.503398,0.956375
30,30,-0.567232,0.698132,-0.174533,0.174533,-0.574404,0.690218,-0.157753,0.142654,1.43444,0.443176,-0.503398,0.956375
30,30,-0.567232,0.698132,-0.174533,0.174533,-0.574404,0.690218,-0.157753,0.142654,1.43444,0.443176,-0.503398,0.956374
30,30,-0.567232,0.698132,-0.174533,0.174533,-0.574404,0.690218,-0.157753,0.142654,1.43444,0.443176,-0.503398,0.956373
30,30,-0.567232,0.698132,-0.174533,0.174533,-0.574404,0.690218,-0.157753,0.142654,1.43444,0.443176,-0.503398,0.956372
30,30,-0.567232,0.698132,-0.174533,0.174533,-0.574404,0.690218,-0.157753,0.142654,1.43444,0.443176,-0.503398,0.956372
30,30,-0.567232,0.698132,-0.174533,0.174533,-0.574404,0.690218,-0.157753,0.142654,1.43444,0.443176,-0.503397,0.956371
30,30,-0.567232,0.698132,-0.174533,0.174533,-0.574404,0.690218,-0.157753,0.142654,1.43444,0.443176,-0.503397,0.95637
30,30,-0.567232,0.698132,-0.174533,0.174533,-0.574404,0.690218,-0.157753,0.142654,1.43444,0.443176,-0.503397,0.95637
30,30,-0.567232,0.698132,-0.174533,0.174533,-0.574404,0.690218,-0.157753,0.142654,1.43444,0.443176,-0.503397,0.956369
30,30,-0.567232,0.698132,-0.174533,0.174533,-0.574404,0.690218,-0.157805,0.142681,1.43444,0.443176,-0.501829,0.955581
30,30,-0.567232,0.698132,-0.174533,0.174533,-0.574404,0.690218,-0.157805,0.142681,1.43444,0.443176,-0.501829,0.955581
30,30,-0.567232,0.698132,-0.174533,0.174533,-0.574404,0.690218,-0.157805,0.142681,1.43444,0.443176,-0.501829,0.95558
30,30,-0.567232,0.698132,-0.174533,0.174533,-0.574404,0.690218,-0.157805,0.142681,1.43444,0.443176,-0.501829,0.95558
30,30,-0.567232,0.698132,-0.174533,0.174533,-0.574404,0.690218,-0.157805,0.142681,1.43444,0.443176,-0.501829,0.955579
30,30,-0.567232,0.698132,-0.174533,0.174533,-0.574404,0.690218,-0.157805,0.142681,1.43444,0.443176,-0.501829,0.955579
30,30,-0.567232,0.698132,-0.174533,0.174533,-0.574404,0.690218,-0.157805,0.142681,1.43444,0.443176,-0.501829,0.955578
30,30,-0.567232,0.698132,-0.174533,0.174533,-0.574404,0.690218,-0.157805,0.142681,1.43444,0.443176,-0.501829,0.955578
30,30,-0.567232,0.698132,-0.174533,0.174533,-0.574404,0.690218,-0.157805,0.142681,1.43444,0.443176,-0.501829,0.955577
30,30,-0.567232,0.698132,-0.174533,0.174533,-0.574404,0.690218,-0.157805,0.142681,1.43444,0.443176,-0.501829,0.955577
30,30,-0.567232,0.698132,-0.174533,0.174533,-0.574404,0.690218,-0.157805,0.142681,1.43444,0.443176,-0.501829,0.955576
30,30,-0.567232,0.698132,-0.174533,0.174533,-0.574404,0.690218,-0.157805,0.142681,1.43444,0.443176,-0.501829,0.955576
30,30,-0.567232,0.698132,-0.174533,0.174533,-0.574404,0.690218,-0.157805,0.142681,1.43444,0.443176,-0.501829,0.955575
30,30,-0.567232,0.698132,-0.174533,0.174533,-0.574404,0.690218,-0.157805,0.142681,1.43444,0.443176,-0.501829,0.955575
30,30,-0.567232,0.698132,-0.174533,0.174533,-0.574404,0.690218,-0.157805,0.142681,1.43444,0.443176,-0.501829,0.955574
30,30,-0.567232,0.698132,-0.174533,0.174533,-0.574404,0.690218,-0.157805,0.142681,1.43444,0.443176,-0.501829,0.955574
30,30,-0.567232,0.698132,-0.174533,0.174533,-0.574404,0.690218,-0.157805,0.142681,1.43444,0.443176,-0.501829,0.955574
30,30,-0.567232,0.698132,-0.174533,0.174533,-0.574404,0.690218,-0.157805,0.142681,1.43444,0.443176,-0.501829,0.955573
30,30,-0.567232,0.698132,-0.174533,0.174533,-0.574404,0.690218,-0.157805,0.142681,1.43444,0.443176,-0.501829,0.955573
30,30,-0.567232,0.698132,-0.174533,0.174533,-0.574404,0.690218,-0.157805,0.142681,1.43444,0.443176,-0.501829,0.955572
30,30,-0.567232,0.698132,-0.174533,0.174533,-0.574404,0.690218,-0.157805,0.142681,1.43444,0.443176,-0.501829,0.955572
30,30,-0.567232,0.698132,-0.174533,0.174533,-0.574404,0.690218,-0.157805,0.142681,1.43444,0.443176,-0.501829,0.955572
30,30,-0.567232,0.698132,-0.174533,0.174533,-0.574404,0.690218,-0.157805,0.142681,1.43444,0.443176,-0.501829,0.955571
30,30,-0.567232,0.698132,-0.174533,0.174533,-0.574404,0.690218,-0.157805,0.142681,1.43444,0.443176,-0.501829,0.955571
30,30,-0.567232,0.698132,-0.174533,0.174533,-0.574404,0.690218,-0.157805,0.142681,1.43444,0.443176,-0.501829,0.955571
30,30,-0.567232,0.698132,-0.174533,0.174533,-0.574404,0.690218,-0.157805,0.142681,1.43444,0.443176,-0.501829,0.95557
30,30,-0.567232,0.698132,-0.174533,0.174533,-0.574404,0.690218,-0.157805,0.142681,1.43444,0.443176,-0.501829,0.95557
30,30,-0.567232,0.698132,-0.174533,0.174533,-0.574404,0.690218,-0.157805,0.142681,1.43444,0.443176,-0.501829,0.95557
30,30,-0.567232,0.698132,-0.174533,0.174533,-0.574404,0.690218,-0.157805,0.142681,1.43444,0.443176,-0.501829,0.955569
30,30,-0.567232,0.698132,-0.174533,0.174533,-0.574404,0.690218,-0.157805,0.142681,1.43444,0.443176,-0.501829,0.955569
30,30,-0.567232,0.698132,-0.174533,0.174533,-0.574404,0.690218,-0.157805,0.142681,1.43444,0.443176,-0.501829,0.955569
30,30,-0.567232,0.698132,-0.174533,0.174533,-0.574404,0.690218,-0.157805,0.142681,1.43444,0.443176,-0.501829,0.955569
30,30,-0.567232,0.698132,-0.174533,0.174533,-0.574404,0.690218,-0.157805,0.142681,1.43444,0.443176,-0.501829,0.955568
30,30,-0.567232,0.698132,-0.174533,0.174533,-0.574404,0.690218,-0.157805,0.142681,1.43444,0.443176,-0.501829,0.955568
30,30,-0.567232,0.698132,-0.174533,0.174533,-0.574404,0.690218,-0.157805,0.142681,1.43444,0.443176,-0.501829,0.955568
30,30,-0.567232,0.698132,-0.174533,0.174533,-0.574404,0.690218,-0.157805,0.142681,1.43444,0.443176,-0.501829,0.955567
30,30,-0.567232,0.698132,-0.174533,0.174533,-0.574404,0.690218,-0.157805,0.142681,1.43444,0.443176,-0.501829,0.955567
30,30,-0.567232,0.698132,-0.174533,0.174533,-0.574404,0.690218,-0.157805,0.142681,1.43444,0.443176,-0.501829,0.955567
30,30,-0.567232,0.698132,-0.174533,0.174533,-0.574404,0.690218,-0.157805,0.142681,1.43444,0.443176,-0.501829,0.955567
30,30,-0.567232,0.698132,-0.174533,0.174533,-0.574404,0.690218,-0.157805,0.142681,1.43444,0.443176,-0.501829,0.955566
30,30,-0.567232,0.698132,-0.174533,0.174533,-0.574404,0.690218,-0.157805,0.142681,1.43444,0.443176,-0.501829,0.955566
30,30,-0.567232,0.698132,-0.174533,0.174533,-0.574404,0.690218,-0.157805,0.142681,1.43444,0.443176,-0.501829,0.955566
30,30,-0.567232,0.698132,-0.174533,0.174533,-0.574404,0.690218,-0.157805,0.142681,1.43444,0.443176,-0.501829,0.955566
30,30,-0.567232,0.698132,-0.174533,0.174533,-0.574404,0.690218,-0.157805,0.142681,1.43444,0.443176,-0.501829,0.955565
30,30,-0.567232,0.698132,-0.174533,0.174533,-0.574404,0.690218,-0.157805,0.142681,1.43444,0.443176,-0.501829,0.955565
30,30,-0.567232,0.698132,-0.174533,0.174533,-0.574404,0.690218,-0.157805,0.142681,1.43444,0.443176,-0.501829,0.955565
30,30,-0.567232,0.698132,-0.174533,0.174533,-0.574404,0.690218,-0.157805,0.142681,1.43444,0.443176,-0.501829,0.955565
30,30,-0.567232,0.698132,-0.174533,0.174533,-0.574404,0.690218,-0.157805,0.142681,1.43444,0.443176,-0.501829,0.955565
30,30,-0.567232,0.698132,-0.174533,0.174533,-0.574404,0.690218,-0.157805,0.142681,1.43444,0.443176,-0.501829,0.955564
30,30,-0.567232,0.698132,-0.174533,0.174533,-0.574404,0.690218,-0.157805,0.142681,1.43444,0.443176,-0.501829,0.955564
30,30,-0.567232,0.698132,-0.174533,0.174533,-0.574404,0.690218,-0.157805,0.142681,1.43444,0.443176,-0.501828,0.955564
30,30,-0.567232,0.698132,-0.174533,0.174533,-0.574404,0.690218,-0.157805,0.142681,1.43444,0.443176,-0.501828,0.955564
30,30,-0.567232,0.698132,-0.174533,0.174533,-0.574404,0.690218,-0.157805,0.142681,1.43444,0.443176,-0.501828,0.955564
30,30,-0.567232,0.698132,-0.174533,0.174533,-0.574404,0.690218,-0.157805,0.142681,1.43444,0.443176,-0.501828,0.955563
30,30,-0.567232,0.698132,-0.174533,0.174533,-0.574404,0.690218,-0.157805,0.142681,1.43444,0.443176,-0.501828,0.955563
30,30,-0.567232,0.698132,-0.174533,0.174533,-0.574404,0.690218,-0.157805,0.142681,1.43444,0.443176,-0.501828,0.955563
30,30,-0.567232,0.698132,-0.174533,0.174533,-0.574404,0.690218,-0.157805,0.142681,1.43444,0.443176,-0.501828,0.955563
30,30,-0.567232,0.698132,-0.174533,0.174533,-0.574404,0.690218,-0.157805,0.142681,1.43444,0.443176,-0.501828,0.955563
30,30,-0.567232,0.698132,-0.174533,0.174533,-0.574404,0.690218,-0.157805,0.142681,1.43444,0.443176,-0.501828,0.955562
30,30,-0.567232,0.698132,-0.174533,0.174533,-0.574404,0.690218,-0.157858,0.142707,1.43444,0.443176,-0.500253,0.954771
30,30,-0.567232,0.698132,-0.174533,0.174533,-0.574404,0.690218,-0.157858,0.142707,1.43444,0.443176,-0.500253,0.954771
30,30,-0.567232,0.698132,-0.174533,0.174533,-0.574404,0.690218,-0.157858,0.142707,1.43444,0.443176,-0.500253,0.954771
30,30,-0.567232,0.698132,-0.174533,0.174533,-0.574404,0.690218,-0.157858,0.142707,1.43444,0.443176,-0.500253,0.954771
30,30,-0.567232,0.698132,-0.174533,0.174533,-0.574404,0.690218,-0.157858,0.142707,1.43444,0.443176,-0.500253,0.954771
30,30,-0.567232,0.698132,-0.174533,0.174533,-0.574404,0.690218,-0.157858,0.142707,1.43444,0.443176,-0.500253,0.954771
30,30,-0.567232,0.698132,-0.174533,0.174533,-0.574404,0.690218,-0.157858,0.142707,1.43444,0.443176,-0.500253,0.95477
30,30,-0.567232,0.698132,-0.174533,0.174533,-0.574404,0.690218,-0.157858,0.142707,1.43444,0.443176,-0.500253,0.95477
30,30,-0.567232,0.698132,-0.174533,0.174533,-0.574404,0.690218,-0.157808,0.14275,1.43444,0.443176,-0.501756,0.953463
30,30,-0.567232,0.698132,-0.174533,0.174533,-0.574404,0.690218,-0.157808,0.14275,1.43444,0.443176,-0.501756,0.953463
30,30,-0.567232,0.698132,-0.174533,0.174533,-0.574404,0.690218,-0.157808,0.14275,1.43444,0.443176,-0.501756,0.953463
30,30,-0.567232,0.698132,-0.174533,0.174533,-0.574404,0.690218,-0.157808,0.14275,1.43444,0.443176,-0.501756,0.953463
30,30,-0.567232,0.698132,-0.174533,0.174533,-0.574404,0.690218,-0.157808,0.14275,1.43444,0.443176,-0.501756,0.953463
30,30,-0.567232,0.698132,-0.174533,0.174533,-0.574404,0.690218,-0.157808,0.14275,1.43444,0.443176,-0.501756,0.953462
30,30,-0.567232,0.698132,-0.174533,0.174533,-0.574404,0.690218,-0.157808,0.14275,1.43444,0.443176,-0.501756,0.953462
30,30,-0.567232,0.698132,-0.174533,0.174533,-0.574404,0.690218,-0.157808,0.14275,1.43444,0.443176,-0.501756,0.953462
30,30,-0.567232,0.698132,-0.174533,0.174533,-0.574404,0.690218,-0.157808,0.14275,1.43444,0.443176,-0.501756,0.953462
30,30,-0.567232,0.698132,-0.174533,0.174533,-0.574404,0.690218,-0.157808,0.14275,1.43444,0.443176,-0.501756,0.953462
30,30,-0.567232,0.698132,-0.174533,0.174533,-0.574404,0.690218,-0.157808,0.14275,1.43444,0.443176,-0.501756,0.953462
30,30,-0.567232,0.698132,-0.174533,0.174533,-0.574404,0.690218,-0.157808,0.14275,1.43444,0.443176,-0.501756,0.953462
30,30,-0.567232,0.698132,-0.174533,0.174533,-0.574404,0.690218,-0.157808,0.14275,1.43444,0.443176,-0.501756,0.953461
30,30,-0.567232,0.698132,-0.174533,0.174533,-0.574404,0.690218,-0.157808,0.14275,1.43444,0.443176,-0.501756,0.953461
30,30,-0.567232,0.698132,-0.174533,0.174533,-0.574404,0.690218,-0.157808,0.14275,1.43444,0.443176,-0.501756,0.953461
30,30,-0.567232,0.698132,-0.174533,0.174533,-0.574404,0.690218,-0.157808,0.14275,1.43444,0.443176,-0.501756,0.953461
30,30,-0.567232,0.698132,-0.174533,0.174533,-0.574404,0.690218,-0.157808,0.14275,1.43444,0.443176,-0.501756,0.953461
30,30,-0.567232,0.698132,-0.174533,0.174533,-0.574404,0.690218,-0.157808,0.14275,1.43444,0.443176,-0.501756,0.953461
30,30,-0.567232,0.698132,-0.174533,0.174533,-0.574404,0.690218,-0.157808,0.14275,1.43444,0.443176,-0.501756,0.953461
30,30,-0.567232,0.698132,-0.174533,0.174533,-0.574404,0.690218,-0.157808,0.14275,1.43444,0.443176,-0.501756,0.95346
30,30,-0.567232,0.698132,-0.174533,0.174533,-0.574404,0.690218,-0.157808,0.14275,1.43444,0.443176,-0.501756,0.95346
30,30,-0.567232,0.698132,-0.174533,0.174533,-0.574404,0.690218,-0.157808,0.14275,1.43444,0.443176,-0.501756,0.95346
30,30,-0.567232,0.698132,-0.174533,0.174533,-0.574404,0.690218,-0.157808,0.14275,1.43444,0.443176,-0.501756,0.95346
30,30,-0.567232,0.698132,-0.174533,0.174533,-0.574404,0.690218,-0.157808,0.14275,1.43444,0.443176,-0.501756,0.95346
30,30,-0.567232,0.698132,-0.174533,0.174533,-0.574404,0.690218,-0.157808,0.14275,1.43444,0.443176,-0.501756,0.95346
30,30,-0.567232,0.698132,-0.174533,0.174533,-0.574404,0.690218,-0.157808,0.14275,1.43444,0.443176,-0.501756,0.95346
30,30,-0.567232,0.698132,-0.174533,0.174533,-0.574404,0.690218,-0.157808,0.14275,1.43444,0.443176,-0.501756,0.95346
30,30,-0.567232,0.698132,-0.174533,0.174533,-0.574404,0.690218,-0.157808,0.14275,1.43444,0.443176,-0.501756,0.95346
30,30,-0.567232,0.698132,-0.174533,0.174533,-0.574404,0.690218,-0.157808,0.14275,1.43444,0.443176,-0.501756,0.953459
30,30,-0.567232,0.698132,-0.174533,0.174533,-0.574404,0.690218,-0.157808,0.14275,1.43444,0.443176,-0.501756,0.953459
30,30,-0.567232,0.698132,-0.174533,0.174533,-0.574404,0.690218,-0.157808,0.14275,1.43444,0.443176,-0.501756,0.953459
30,30,-0.567232,0.698132,-0.174533,0.174533,-0.574404,0.690218,-0.157808,0.14275,1.43444,0.443176,-0.501756,0.953459
30,30,-0.567232,0.698132,-0.174533,0.174533,-0.574404,0.690218,-0.157808,0.14275,1.43444,0.443176,-0.501755,0.953459
30,30,-0.567232,0.698132,-0.174533,0.174533,-0.574404,0.690218,-0.157808,0.14275,1.43444,0.443176,-0.501755,0.953459
30,30,-0.567232,0.698132,-0.174533,0.174533,-0.574404,0.690218,-0.157808,0.14275,1.43444,0.443176,-0.501755,0.953459
30,30,-0.567232,0.698132,-0.174533,0.174533,-0.574404,0.690218,-0.157808,0.14275,1.43444,0.443176,-0.501755,0.953459
30,30,-0.567232,0.698132,-0.174533,0.174533,-0.574404,0.690218,-0.157808,0.14275,1.43444,0.443176,-0.501755,0.953459
30,30,-0.567232,0.698132,-0.174533,0.174533,-0.574404,0.690218,-0.157808,0.14275,1.43444,0.443176,-0.501755,0.953459
30,30,-0.567232,0.698132,-0.174533,0.174533,-0.574404,0.690218,-0.157808,0.14275,1.43444,0.443176,-0.501755,0.953458
30,30,-0.567232,0.698132,-0.174533,0.174533,-0.574404,0.690218,-0.157808,0.14275,1.43444,0.443176,-0.501755,0.953458
30,30,-0.567232,0.698132,-0.174533,0.174533,-0.574404,0.690218,-0.157808,0.14275,1.43444,0.443176,-0.501755,0.953458
30,30,-0.567232,0.698132,-0.174533,0.174533,-0.574404,0.690218,-0.157808,0.14275,1.43444,0.443176,-0.501755,0.953458
30,30,-0.567232,0.698132,-0.174533,0.174533,-0.574404,0.690218,-0.157808,0.14275,1.43444,0.443176,-0.501755,0.953458
30,30,-0.567232,0.698132,-0.174533,0.174533,-0.574404,0.690218,-0.157808,0.14275,1.43444,0.443176,-0.501755,0.953458
30,30,-0.567232,0.698132,-0.174533,0.174533,-0.574404,0.690218,-0.157808,0.14275,1.43444,0.443176,-0.501755,0.953458
30,30,-0.567232,0.698132,-0.174533,0.174533,-0.574404,0.690218,-0.157808,0.14275,1.43444,0.443176,-0.501755,0.953458
30,30,-0.567232,0.698132,-0.174533,0.174533,-0.574404,0.690218,-0.157808,0.14275,1.43444,0.443176,-0.501755,0.953458
30,30,-0.567232,0.698132,-0.174533,0.174533,-0.574404,0.690218,-0.157808,0.14275,1.43444,0.443176,-0.501755,0.953458
30,30,-0.567232,0.698132,-0.174533,0.174533,-0.574404,0.690218,-0.15786,0.142777,1.43444,0.443176,-0.500184,0.952669
30,30,-0.567232,0.698132,-0.174533,0.174533,-0.574404,0.690218,-0.15786,0.142777,1.43444,0.443176,-0.500184,0.952669
30,30,-0.567232,0.698132,-0.174533,0.174533,-0.574404,0.690218,-0.15786,0.142777,1.43444,0.443176,-0.500184,0.952669
30,30,-0.567232,0.698132,-0.174533,0.174533,-0.574404,0.690218,-0.15786,0.142777,1.43444,0.443176,-0.500184,0.952669
30,30,-0.567232,0.698132,-0.174533,0.174533,-0.574404,0.690218,-0.15786,0.142777,1.43444,0.443176,-0.500184,0.952669
30,30,-0.567232,0.698132,-0.174533,0.174533,-0.574404,0.690218,-0.15786,0.142777,1.43444,0.443176,-0.500184,0.952668
30,30,-0.567232,0.698132,-0.174533,0.174533,-0.574404,0.690218,-0.15786,0.142777,1.43444,0.443176,-0.500184,0.952668
30,30,-0.567232,0.698132,-0.174533,0.174533,-0.574404,0.690218,-0.15786,0.142777,1.43444,0.443176,-0.500184,0.952668
30,30,-0.567232,0.698132,-0.174533,0.174533,-0.574404,0.690218,-0.15786,0.142777,1.43444,0.443176,-0.500184,0.952668
30,30,-0.567232,0.698132,-0.174533,0.174533,-0.574404,0.690218,-0.15786,0.142777,1.43444,0.443176,-0.500184,0.952668
30,30,-0.567232,0.698132,-0.174533,0.174533,-0.574404,0.690218,-0.15786,0.142777,1.43444,0.443176,-0.500184,0.952668
30,30,-0.567232,0.698132,-0.174533,0.174533,-0.574404,0.690218,-0.15786,0.142777,1.43444,0.443176,-0.500184,0.952668
30,30,-0.567232,0.698132,-0.174533,0.174533,-0.574404,0.690218,-0.15786,0.142777,1.43444,0.443176,-0.500184,0.952668
30,30,-0.567232,0.698132,-0.174533,0.174533,-0.574404,0.690218,-0.15786,0.142777,1.43444,0.443176,-0.500184,0.952668
30,30,-0.567232,0.698132,-0.174533,0.174533,-0.574404,0.690218,-0.15786,0.142777,1.43444,0.443176,-0.500184,0.952668
30,30,-0.567232,0.698132,-0.174533,0.174533,-0.574404,0.690218,-0.15786,0.142777,1.43444,0.443176,-0.500184,0.952668
30,30,-0.567232,0.698132,-0.174533,0.174533,-0.574404,0.690218,-0.15786,0.142777,1.43444,0.443176,-0.500184,0.952668
30,30,-0.567232,0.698132,-0.174533,0.174533,-0.574404,0.690218,-0.15786,0.142777,1.43444,0.443176,-0.500184,0.952668
30,30,-0.567232,0.698132,-0.174533,0.174533,-0.574404,0.690218,-0.15786,0.142777,1.43444,0.443176,-0.500184,0.952667
30,30,-0.567232,0.698132,-0.174533,0.174533,-0.574404,0.690218,-0.15786,0.142777,1.43444,0.443176,-0.500184,0.952667
30,30,-0.567232,0.698132,-0.174533,0.174533,-0.574404,0.690218,-0.15786,0.142777,1.43444,0.443176,-0.500184,0.952667
30,30,-0.567232,0.698132,-0.174533,0.174533,-0.574404,0.690218,-0.15786,0.142777,1.43444,0.443176,-0.500184,0.952667
30,30,-0.567232,0.698132,-0.174533,0.174533,-0.574404,0.690218,-0.15781,0.14282,1.43444,0.443176,-0.501672,0.951373
30,30,-0.567232,0.698132,-0.174533,0.174533,-0.574404,0.690218,-0.15781,0.14282,1.43444,0.443176,-0.501672,0.951373
30,30,-0.567232,0.698132,-0.174533,0.174533,-0.574404,0.690218,-0.15781,0.14282,1.43444,0.443176,-0.501672,0.951373
30,30,-0.567232,0.698132,-0.174533,0.174533,-0.574404,0.690218,-0.15781,0.14282,1.43444,0.443176,-0.501671,0.951359
30,30,-0.567232,0.698132,-0.174533,0.174533,-0.574404,0.690218,-0.15781,0.14282,1.43444,0.443176,-0.501671,0.951359
30,30,-0.567232,0.698132,-0.174533,0.174533,-0.574404,0.690218,-0.15781,0.14282,1.43444,0.443176,-0.501671,0.951359
30,30,-0.567232,0.698132,-0.174533,0.174533,-0.574404,0.690218,-0.15781,0.14282,1.43444,0.443176,-0.501671,0.951359
30,30,-0.567232,0.698132,-0.174533,0.174533,-0.574404,0.690218,-0.15781,0.14282,1.43444,0.443176,-0.501671,0.951359
30,30,-0.567232,0.698132,-0.174533,0.174533,-0.574404,0.690218,-0.15781,0.14282,1.43444,0.443176,-0.501671,0.951359
30,30,-0.567232,0.698132,-0.174533,0.174533,-0.574404,0.690218,-0.15781,0.14282,1.43444,0.443176,-0.501671,0.951359
30,30,-0.567232,0.698132,-0.174533,0.174533,-0.574404,0.690218,-0.15781,0.14282,1.43444,0.443176,-0.501671,0.951359
30,30,-0.567232,0.698132,-0.174533,0.174533,-0.574404,0.690218,-0.15781,0.14282,1.43444,0.443176,-0.501671,0.951359
30,30,-0.567232,0.698132,-0.174533,0.174533,-0.574404,0.690218,-0.15781,0.14282,1.43444,0.443176,-0.501671,0.951359
30,30,-0.567232,0.698132,-0.174533,0.174533,-0.574404,0.690218,-0.15781,0.14282,1.43444,0.443176,-0.501671,0.951359
30,30,-0.567232,0.698132,-0.174533,0.174533,-0.574404,0.690218,-0.15781,0.14282,1.43444,0.443176,-0.501671,0.951359
30,30,-0.567232,0.698132,-0.174533,0.174533,-0.574404,0.690218,-0.15781,0.14282,1.43444,0.443176,-0.501671,0.951359
30,30,-0.567232,0.698132,-0.174533,0.174533,-0.574404,0.690218,-0.15781,0.14282,1.43444,0.443176,-0.501671,0.951359
30,30,-0.567232,0.698132,-0.174533,0.174533,-0.574404,0.690218,-0.15781,0.14282,1.43444,0.443176,-0.501671,0.951359
30,30,-0.567232,0.698132,-0.174533,0.174533,-0.574404,0.690218,-0.15781,0.14282,1.43444,0.443176,-0.501671,0.951359
30,30,-0.567232,0.698132,-0.174533,0.174533,-0.574404,0.690218,-0.15781,0.14282,1.43444,0.443176,-0.501671,0.951359
30,30,-0.567232,0.698132,-0.174533,0.174533,-0.574404,0.690218,-0.15781,0.14282,1.43444,0.443176,-0.501671,0.951359
30,30,-0.567232,0.698132,-0.174533,0.174533,-0.574404,0.690218,-0.15781,0.14282,1.43444,0.443176,-0.501671,0.951359
30,30,-0.567232,0.698132,-0.174533,0.174533,-0.574404,0.690218,-0.15781,0.14282,1.43444,0.443176,-0.501671,0.951359
30,30,-0.567232,0.698132,-0.174533,0.174533,-0.574404,0.690218,-0.15781,0.14282,1.43444,0.443176,-0.501671,0.951359
30,30,-0.567232,0.698132,-0.174533,0.174533,-0.574404,0.690218,-0.15781,0.14282,1.43444,0.443176,-0.501671,0.951359
30,30,-0.567232,0.698132,-0.174533,0.174533,-0.574404,0.690218,-0.15781,0.14282,1.43444,0.443176,-0.501671,0.951359
30,30,-0.567232,0.698132,-0.174533,0.174533,-0.574404,0.690218,-0.15781,0.14282,1.43444,0.443176,-0.501671,0.951359
30,30,-0.567232,0.698132,-0.174533,0.174533,-0.574404,0.690218,-0.157807,0.142749,1.43444,0.443176,-0.50177,0.953505
30,30,-0.567232,0.698132,-0.174533,0.174533,-0.574404,0.690218,-0.157807,0.142749,1.43444,0.443176,-0.50177,0.953505
30,30,-0.567232,0.698132,-0.174533,0.174533,-0.574404,0.690218,-0.157807,0.142749,1.43444,0.443176,-0.50177,0.953505
30,30,-0.567232,0.698132,-0.174533,0.174533,-0.574404,0.690218,-0.157807,0.142749,1.43444,0.443176,-0.50177,0.953505
30,30,-0.567232,0.698132,-0.174533,0.174533,-0.574404,0.690218,-0.157807,0.142749,1.43444,0.443176,-0.50177,0.953505
30,30,-0.567232,0.698132,-0.174533,0.174533,-0.574404,0.690218,-0.157807,0.142749,1.43444,0.443176,-0.50177,0.953505
30,30,-0.567232,0.698132,-0.174533,0.174533,-0.574404,0.690218,-0.157807,0.142749,1.43444,0.443176,-0.50177,0.953505
30,30,-0.567232,0.698132,-0.174533,0.174533,-0.574404,0.690218,-0.157807,0.142749,1.43444,0.443176,-0.50177,0.953505
30,30,-0.567232,0.698132,-0.174533,0.174533,-0.574404,0.690218,-0.157807,0.142749,1.43444,0.443176,-0.50177,0.953505
30,30,-0.567232,0.698132,-0.174533,0.174533,-0.574404,0.690218,-0.157807,0.142749,1.43444,0.443176,-0.50177,0.953505
30,30,-0.567232,0.698132,-0.174533,0.174533,-0.574404,0.690218,-0.157807,0.142749,1.43444,0.443176,-0.50177,0.953505
30,30,-0.567232,0.698132,-0.174533,0.174533,-0.574404,0.690218,-0.157807,0.142749,1.43444,0.443176,-0.50177,0.953505
30,30,-0.567232,0.698132,-0.174533,0.174533,-0.574404,0.690218,-0.157807,0.142749,1.43444,0.443176,-0.50177,0.953505
30,30,-0.567232,0.698132,-0.174533,0.174533,-0.574404,0.690218,-0.157807,0.142749,1.43444,0.443176,-0.50177,0.953505
30,30,-0.567232,0.698132,-0.174533,0.174533,-0.574404,0.690218,-0.157807,0.142749,1.43444,0.443176,-0.50177,0.953505
30,30,-0.567232,0.698132,-0.174533,0.174533,-0.574404,0.690218,-0.157807,0.142749,1.43444,0.443176,-0.50177,0.953505
30,30,-0.567232,0.698132,-0.174533,0.174533,-0.574404,0.690218,-0.157807,0.142749,1.43444,0.443176,-0.50177,0.953505
30,30,-0.567232,0.698132,-0.174533,0.174533,-0.574404,0.690218,-0.157807,0.142749,1.43444,0.443176,-0.50177,0.953505
30,30,-0.567232,0.698132,-0.174533,0.174533,-0.574404,0.690218,-0.157807,0.142749,1.43444,0.443176,-0.50177,0.953505
30,30,-0.567232,0.698132,-0.174533,0.174533,-0.574404,0.690218,-0.157807,0.142749,1.43444,0.443176,-0.50177,0.953505
30,30,-0.567232,0.698132,-0.174533,0.174533,-0.574404,0.690218,-0.157807,0.142749,1.43444,0.443176,-0.50177,0.953505
30,30,-0.567232,0.698132,-0.174533,0.174533,-0.574404,0.690218,-0.157807,0.142749,1.43444,0.443176,-0.50177,0.953505
30,30,-0.567232,0.698132,-0.174533,0.174533,-0.574404,0.690218,-0.157807,0.142749,1.43444,0.443176,-0.50177,0.953505
30,30,-0.567232,0.698132,-0.174533,0.174533,-0.574404,0.690218,-0.157807,0.142749,1.43444,0.443176,-0.50177,0.953505
30,30,-0.567232,0.698132,-0.174533,0.174533,-0.574404,0.690218,-0.157807,0.142749,1.43444,0.443176,-0.50177,0.953505
30,30,-0.567232,0.698132,-0.174533,0.174533,-0.574404,0.690218,-0.157807,0.142749,1.43444,0.443176,-0.50177,0.953505
30,30,-0.567232,0.698132,-0.174533,0.174533,-0.574404,0.690218,-0.157807,0.142749,1.43444,0.443176,-0.50177,0.953505
30,30,-0.567232,0.698132,-0.174533,0.174533,-0.574404,0.690218,-0.157807,0.142749,1.43444,0.443176,-0.50177,0.953505
30,30,-0.567232,0.698132,-0.174533,0.174533,-0.574404,0.690218,-0.157807,0.142749,1.43444,0.443176,-0.50177,0.953505
30,30,-0.567232,0.698132,-0.174533,0.174533,-0.574404,0.690218,-0.157807,0.142749,1.43444,0.443176,-0.50177,0.953505
30,30,-0.567232,0.698132,-0.174533,0.174533,-0.574404,0.690218,-0.157807,0.142749,1.43444,0.443176,-0.50177,0.953505
30,30,-0.567232,0.698132,-0.174533,0.174533,-0.574404,0.690218,-0.157807,0.142749,1.43444,0.443176,-0.50177,0.953505
30,30,-0.567232,0.698132,-0.174533,0.174533,-0.574404,0.690218,-0.157807,0.142749,1.43444,0.443176,-0.50177,0.953505
30,30,-0.567232,0.698132,-0.174533,0.174533,-0.574404,0.690218,-0.157807,0.142749,1.43444,0.443176,-0.50177,0.953505
30,30,-0.567232,0.698132,-0.174533,0.174533,-0.574404,0.690218,-0.157807,0.142749,1.43444,0.443176,-0.50177,0.953505
30,30,-0.567232,0.698132,-0.174533,0.174533,-0.574404,0.690218,-0.157807,0.142749,1.43444,0.443176,-0.50177,0.953505
30,30,-0.567232,0.698132,-0.174533,0.174533,-0.574404,0.690218,-0.157807,0.142749,1.43444,0.443176,-0.501771,0.953505
30,30,-0.567232,0.698132,-0.174533,0.174533,-0.574404,0.690218,-0.157807,0.142749,1.43444,0.443176,-0.501771,0.953505
30,30,-0.567232,0.698132,-0.174533,0.174533,-0.574404,0.690218,-0.157807,0.142749,1.43444,0.443176,-0.501771,0.953505
30,30,-0.567232,0.698132,-0.174533,0.174533,-0.574404,0.690218,-0.157807,0.142749,1.43444,0.443176,-0.501772,0.953505
30,30,-0.567232,0.698132,-0.174533,0.174533,-0.574404,0.690218,-0.157807,0.142749,1.43444,0.443176,-0.501772,0.953505
30,30,-0.567232,0.698132,-0.174533,0.174533,-0.574404,0.690218,-0.157807,0.142749,1.43444,0.443176,-0.501772,0.953505
30,30,-0.567232,0.698132,-0.174533,0.174533,-0.574404,0.690218,-0.157807,0.142749,1.43444,0.443176,-0.501772,0.953505
30,30,-0.567232,0.698132,-0.174533,0.174533,-0.574404,0.690218,-0.157807,0.142749,1.43444,0.443176,-0.501773,0.953506
30,30,-0.567232,0.698132,-0.174533,0.174533,-0.574404,0.690218,-0.157807,0.142749,1.43444,0.443176,-0.501773,0.953506
30,30,-0.567232,0.698132,-0.174533,0.174533,-0.574404,0.690218,-0.157807,0.142749,1.43444,0.443176,-0.501773,0.953506
30,30,-0.567232,0.698132,-0.174533,0.174533,-0.574404,0.690218,-0.157807,0.142749,1.43444,0.443176,-0.501773,0.953506
30,30,-0.567232,0.698132,-0.174533,0.174533,-0.574404,0.690218,-0.157807,0.142749,1.43444,0.443176,-0.501774,0.953506
30,30,-0.567232,0.698132,-0.174533,0.174533,-0.574404,0.690218,-0.157807,0.142749,1.43444,0.443176,-0.501774,0.953506
30,30,-0.567232,0.698132,-0.174533,0.174533,-0.574404,0.690218,-0.157807,0.142749,1.43444,0.443176,-0.501774,0.953506
30,30,-0.567232,0.698132,-0.174533,0.174533,-0.574404,0.690218,-0.157807,0.142749,1.43444,0.443176,-0.501774,0.953506
30,30,-0.567232,0.698132,-0.174533,0.174533,-0.574404,0.690218,-0.157807,0.142749,1.43444,0.443176,-0.501774,0.953506
30,30,-0.567232,0.698132,-0.174533,0.174533,-0.574404,0.690218,-0.157807,0.142749,1.43444,0.443176,-0.501775,0.953507
30,30,-0.567232,0.698132,-0.174533,0.174533,-0.574404,0.690218,-0.157807,0.142749,1.43444,0.443176,-0.501775,0.953507
30,30,-0.567232,0.698132,-0.174533,0.174533,-0.574404,0.690218,-0.157807,0.142749,1.43444,0.443176,-0.501775,0.953507
30,30,-0.567232,0.698132,-0.174533,0.174533,-0.574404,0.690218,-0.157807,0.142749,1.43444,0.443176,-0.501775,0.953507
30,30,-0.567232,0.698132,-0.174533,0.174533,-0.574404,0.690218,-0.157859,0.142775,1.43444,0.443176,-0.500202,0.952717
30,30,-0.567232,0.698132,-0.174533,0.174533,-0.574404,0.690218,-0.157859,0.142775,1.43444,0.443176,-0.500202,0.952717
30,30,-0.567232,0.698132,-0.174533,0.174533,-0.574404,0.690218,-0.157859,0.142775,1.43444,0.443176,-0.500202,0.952717
30,30,-0.567232,0.698132,-0.174533,0.174533,-0.574404,0.690218,-0.157859,0.142775,1.43444,0.443176,-0.500202,0.952717
30,30,-0.567232,0.698132,-0.174533,0.174533,-0.574404,0.690218,-0.157859,0.142775,1.43444,0.443176,-0.500202,0.952717
30,30,-0.567232,0.698132,-0.174533,0.174533,-0.574404,0.690218,-0.157859,0.142775,1.43444,0.443176,-0.500202,0.952717
30,30,-0.567232,0.698132,-0.174533,0.174533,-0.574404,0.690218,-0.157859,0.142775,1.43444,0.443176,-0.500202,0.952717
30,30,-0.567232,0.698132,-0.174533,0.174533,-0.574404,0.690218,-0.157859,0.142775,1.43444,0.443176,-0.500202,0.952717
30,30,-0.567232,0.698132,-0.174533,0.174533,-0.574404,0.690218,-0.157859,0.142775,1.43444,0.443176,-0.500202,0.952717
30,30,-0.567232,0.698132,-0.174533,0.174533,-0.574404,0.690218,-0.157859,0.142775,1.43444,0.443176,-0.500202,0.952717
30,30,-0.567232,0.698132,-0.174533,0.174533,-0.574404,0.690218,-0.157859,0.142775,1.43444,0.443176,-0.500202,0.952717
30,30,-0.567232,0.698132,-0.174533,0.174533,-0.574404,0.690218,-0.157859,0.142775,1.43444,0.443176,-0.500202,0.952717
30,30,-0.567232,0.698132,-0.174533,0.174533,-0.574404,0.690218,-0.157859,0.142775,1.43444,0.443176,-0.500202,0.952717
30,30,-0.567232,0.698132,-0.174533,0.174533,-0.574404,0.690218,-0.157859,0.142775,1.43444,0.443176,-0.500202,0.952717
30,30,-0.567232,0.698132,-0.174533,0.174533,-0.574404,0.690218,-0.157859,0.142775,1.43444,0.443176,-0.500202,0.952717
30,30,-0.567232,0.698132,-0.174533,0.174533,-0.574404,0.690218,-0.157859,0.142775,1.43444,0.443176,-0.500202,0.952717
30,30,-0.567232,0.698132,-0.174533,0.174533,-0.574404,0.690218,-0.157859,0.142775,1.43444,0.443176,-0.500202,0.952717
30,30,-0.567232,0.698132,-0.174533,0.174533,-0.574404,0.690218,-0.157859,0.142775,1.43444,0.443176,-0.500202,0.952717
30,30,-0.567232,0.698132,-0.174533,0.174533,-0.574404,0.690218,-0.157859,0.142775,1.43444,0.443176,-0.500202,0.952717
30,30,-0.567232,0.698132,-0.174533,0.174533,-0.574404,0.690218,-0.157859,0.142775,1.43444,0.443176,-0.500202,0.952717
30,30,-0.567232,0.698132,-0.174533,0.174533,-0.574404,0.690218,-0.157859,0.142775,1.43444,0.443176,-0.500202,0.952717
30,30,-0.567232,0.698132,-0.174533,0.174533,-0.574404,0.690218,-0.157859,0.142775,1.43444,0.443176,-0.500202,0.952717
30,30,-0.567232,0.698132,-0.174533,0.174533,-0.574404,0.690218,-0.157859,0.142775,1.43444,0.443176,-0.500202,0.952717
30,30,-0.567232,0.698132,-0.174533,0.174533,-0.574404,0.690218,-0.157859,0.142775,1.43444,0.443176,-0.500202,0.952717
30,30,-0.567232,0.698132,-0.174533,0.174533,-0.574404,0.690218,-0.157859,0.142775,1.43444,0.443176,-0.500202,0.952717
30,30,-0.567232,0.698132,-0.174533,0.174533,-0.574404,0.690218,-0.157859,0.142775,1.43444,0.443176,-0.500202,0.952717
30,30,-0.567232,0.698132,-0.174533,0.174533,-0.574404,0.690218,-0.157859,0.142775,1.43444,0.443176,-0.500202,0.952717
30,30,-0.567232,0.698132,-0.174533,0.174533,-0.574404,0.690218,-0.157859,0.142775,1.43444,0.443176,-0.500202,0.952717
30,30,-0.567232,0.698132,-0.174533,0.174533,-0.574404,0.690218,-0.157859,0.142775,1.43444,0.443176,-0.500202,0.952717
30,30,-0.567232,0.698132,-0.174533,0.174533,-0.574404,0.690218,-0.157859,0.142775,1.43444,0.443176,-0.500202,0.952717
30,30,-0.567232,0.698132,-0.174533,0.174533,-0.574404,0.690218,-0.157859,0.142775,1.43444,0.443176,-0.500202,0.952717
30,30,-0.567232,0.698132,-0.174533,0.174533,-0.574404,0.690218,-0.157859,0.142775,1.43444,0.443176,-0.500202,0.952717
30,30,-0.567232,0.698132,-0.174533,0.174533,-0.574404,0.690218,-0.157859,0.142775,1.43444,0.443176,-0.500202,0.952717
30,30,-0.567232,0.698132,-0.174533,0.174533,-0.574404,0.690218,-0.157859,0.142775,1.43444,0.443176,-0.500202,0.952717
30,30,-0.567232,0.698132,-0.174533,0.174533,-0.574404,0.690218,-0.157859,0.142775,1.43444,0.443176,-0.500202,0.952717
30,30,-0.567232,0.698132,-0.174533,0.174533,-0.574404,0.690218,-0.157859,0.142775,1.43444,0.443176,-0.500202,0.952717
30,30,-0.567232,0.698132,-0.174533,0.174533,-0.574404,0.690218,-0.157859,0.142775,1.43444,0.443176,-0.500202,0.952717
30,30,-0.567232,0.698132,-0.174533,0.174533,-0.574404,0.690218,-0.157859,0.142775,1.43444,0.443176,-0.500202,0.952717
30,30,-0.567232,0.698132,-0.174533,0.174533,-0.574404,0.690218,-0.157859,0.142775,1.43444,0.443176,-0.500202,0.952717
30,30,-0.567232,0.698132,-0.174533,0.174533,-0.574404,0.690218,-0.157859,0.142775,1.43444,0.443176,-0.500202,0.952717
30,30,-0.567232,0.698132,-0.174533,0.174533,-0.574404,0.690218,-0.157859,0.142775,1.43444,0.443176,-0.500202,0.952717
30,30,-0.567232,0.698132,-0.174533,0.174533,-0.574404,0.690218,-0.157859,0.142775,1.43444,0.443176,-0.500202,0.952717
30,30,-0.567232,0.698132,-0.174533,0.174533,-0.574404,0.690218,-0.157859,0.142775,1.43444,0.443176,-0.500202,0.952717
30,30,-0.567232,0.698132,-0.174533,0.174533,-0.574404,0.690218,-0.157859,0.142775,1.43444,0.443176,-0.500202,0.952717
30,30,-0.567232,0.698132,-0.174533,0.174533,-0.574404,0.690218,-0.157859,0.142775,1.43444,0.443176,-0.500202,0.952717
30,30,-0.567232,0.698132,-0.174533,0.174533,-0.574404,0.690218,-0.157859,0.142775,1.43444,0.443176,-0.500202,0.952717
30,30,-0.567232,0.698132,-0.174533,0.174533,-0.574404,0.690218,-0.157859,0.142775,1.43444,0.443176,-0.500202,0.952717
30,30,-0.567232,0.698132,-0.174533,0.174533,-0.574404,0.690218,-0.157859,0.142775,1.43444,0.443176,-0.500202,0.952717
30,30,-0.567232,0.698132,-0.174533,0.174533,-0.574404,0.690218,-0.157859,0.142775,1.43444,0.443176,-0.500202,0.952717
30,30,-0.567232,0.698132,-0.174533,0.174533,-0.574404,0.690218,-0.157859,0.142775,1.43444,0.443176,-0.500202,0.952717
30,30,-0.567232,0.698132,-0.174533,0.174533,-0.574404,0.690218,-0.157859,0.142775,1.43444,0.443176,-0.500202,0.952717
30,30,-0.567232,0.698132,-0.174533,0.174533,-0.574404,0.690218,-0.157859,0.142775,1.43444,0.443176,-0.500202,0.952717
30,30,-0.567232,0.698132,-0.174533,0.174533,-0.574404,0.690218,-0.157859,0.142775,1.43444,0.443176,-0.500202,0.952717
30,30,-0.567232,0.698132,-0.174533,0.174533,-0.574404,0.690218,-0.157859,0.142775,1.43444,0.443176,-0.500202,0.952717
30,30,-0.567232,0.698132,-0.174533,0.174533,-0.574404,0.690218,-0.157859,0.142775,1.43444,0.443176,-0.500202,0.952717
30,30,-0.567232,0.698132,-0.174533,0.174533,-0.574404,0.690218,-0.157859,0.142775,1.43444,0.443176,-0.500202,0.952717
30,30,-0.567232,0.698132,-0.174533,0.174533,-0.574404,0.690218,-0.157859,0.142775,1.43444,0.443176,-0.500202,0.952717
30,30,-0.567232,0.698132,-0.174533,0.174533,-0.574404,0.690218,-0.157859,0.142775,1.43444,0.443176,-0.500202,0.952717
30,30,-0.567232,0.698132,-0.174533,0.174533,-0.574404,0.690218,-0.157859,0.142775,1.43444,0.443176,-0.500202,0.952717
30,30,-0.567232,0.698132,-0.174533,0.174533,-0.574404,0.690218,-0.157859,0.142775,1.43444,0.443176,-0.500202,0.952717
30,30,-0.567232,0.698132,-0.174533,0.174533,-0.574404,0.690218,-0.157859,0.142775,1.43444,0.443176,-0.500202,0.952717
30,30,-0.567232,0.698132,-0.174533,0.174533,-0.574404,0.690218,-0.157859,0.142775,1.43444,0.443176,-0.500202,0.952717
30,30,-0.567232,0.698132,-0.174533,0.174533,-0.574404,0.690218,-0.157859,0.142775,1.43444,0.443176,-0.500202,0.952717
30,30,-0.567232,0.698132,-0.174533,0.174533,-0.574404,0.690218,-0.157859,0.142775,1.43444,0.443176,-0.500202,0.952717
30,30,-0.567232,0.698132,-0.174533,0.174533,-0.574404,0.690218,-0.157859,0.142775,1.43444,0.443176,-0.500202,0.952717
30,30,-0.567232,0.698132,-0.174533,0.174533,-0.574404,0.690218,-0.157859,0.142775,1.43444,0.443176,-0.500202,0.952717
30,30,-0.567232,0.698132,-0.174533,0.174533,-0.574404,0.690218,-0.157859,0.142775,1.43444,0.443176,-0.500202,0.952717
30,30,-0.567232,0.698132,-0.174533,0.174533,-0.574404,0.690218,-0.157859,0.142775,1.43444,0.443176,-0.500202,0.952717
30,30,-0.567232,0.698132,-0.174533,0.174533,-0.574404,0.690218,-0.157859,0.142775,1.43444,0.443176,-0.500202,0.952717
30,30,-0.567232,0.698132,-0.174533,0.174533,-0.574404,0.690218,-0.157859,0.142775,1.43444,0.443176,-0.500202,0.952717
30,30,-0.567232,0.698132,-0.174533,0.174533,-0.574404,0.690218,-0.157859,0.142775,1.43444,0.443176,-0.500202,0.952717
30,30,-0.567232,0.698132,-0.174533,0.174533,-0.574404,0.690218,-0.157859,0.142775,1.43444,0.443176,-0.500202,0.952717
30,30,-0.567232,0.698132,-0.174533,0.174533,-0.574404,0.690218,-0.157859,0.142775,1.43444,0.443176,-0.500202,0.952717
30,30,-0.567232,0.698132,-0.174533,0.174533,-0.574404,0.690218,-0.157859,0.142775,1.43444,0.443176,-0.500202,0.952717
30,30,-0.567232,0.698132,-0.174533,0.174533,-0.574404,0.690218,-0.157859,0.142775,1.43444,0.443176,-0.500202,0.952717
30,30,-0.567232,0.698132,-0.174533,0.174533,-0.574404,0.690218,-0.157859,0.142775,1.43444,0.443176,-0.500202,0.952717
30,30,-0.567232,0.698132,-0.174533,0.174533,-0.574404,0.690218,-0.157859,0.142775,1.43444,0.443176,-0.500202,0.952717
30,30,-0.567232,0.698132,-0.174533,0.174533,-0.574404,0.690218,-0.157859,0.142775,1.43444,0.443176,-0.500202,0.952717
30,30,-0.567232,0.698132,-0.174533,0.174533,-0.574404,0.690218,-0.157856,0.142704,1.43444,0.443176,-0.500301,0.954853
30,30,-0.567232,0.698132,-0.174533,0.174533,-0.574404,0.690218,-0.157856,0.142704,1.43444,0.443176,-0.500301,0.954853
30,30,-0.567232,0.698132,-0.174533,0.174533,-0.574404,0.690218,-0.157856,0.142704,1.43444,0.443176,-0.500301,0.954853
30,30,-0.567232,0.698132,-0.174533,0.174533,-0.574404,0.690218,-0.157856,0.142704,1.43444,0.443176,-0.500301,0.954853
30,30,-0.567232,0.698132,-0.174533,0.174533,-0.574404,0.690218,-0.157856,0.142704,1.43444,0.443176,-0.500301,0.954853
30,30,-0.567232,0.698132,-0.174533,0.174533,-0.574404,0.690218,-0.157856,0.142704,1.43444,0.443176,-0.500301,0.954853
30,30,-0.567232,0.698132,-0.174533,0.174533,-0.574404,0.690218,-0.157856,0.142704,1.43444,0.443176,-0.500301,0.954853
30,30,-0.567232,0.698132,-0.174533,0.174533,-0.574404,0.690218,-0.157856,0.142704,1.43444,0.443176,-0.500301,0.954853
30,30,-0.567232,0.698132,-0.174533,0.174533,-0.574404,0.690218,-0.157856,0.142704,1.43444,0.443176,-0.500301,0.954853
30,30,-0.567232,0.698132,-0.174533,0.174533,-0.574404,0.690218,-0.157856,0.142704,1.43444,0.443176,-0.500301,0.954853
30,30,-0.567232,0.698132,-0.174533,0.174533,-0.574404,0.690218,-0.157856,0.142704,1.43444,0.443176,-0.500301,0.954853
30,30,-0.567232,0.698132,-0.174533,0.174533,-0.574404,0.690218,-0.157856,0.142704,1.43444,0.443176,-0.500301,0.954853
30,30,-0.567232,0.698132,-0.174533,0.174533,-0.574404,0.690218,-0.157856,0.142704,1.43444,0.443176,-0.500301,0.954853
30,30,-0.567232,0.698132,-0.174533,0.174533,-0.574404,0.690218,-0.157856,0.142704,1.43444,0.443176,-0.500301,0.954853
30,30,-0.567232,0.698132,-0.174533,0.174533,-0.574404,0.690218,-0.157909,0.14273,1.43444,0.443176,-0.498734,0.954067
30,30,-0.567232,0.698132,-0.174533,0.174533,-0.574404,0.690218,-0.157909,0.14273,1.43444,0.443176,-0.498734,0.954067
30,30,-0.567232,0.698132,-0.174533,0.174533,-0.574404,0.690218,-0.157909,0.14273,1.43444,0.443176,-0.498734,0.954067
30,30,-0.567232,0.698132,-0.174533,0.174533,-0.574404,0.690218,-0.157909,0.14273,1.43444,0.443176,-0.498734,0.954067
30,30,-0.567232,0.698132,-0.174533,0.174533,-0.574404,0.690218,-0.157909,0.14273,1.43444,0.443176,-0.498734,0.954067
30,30,-0.567232,0.698132,-0.174533,0.174533,-0.574404,0.690218,-0.157909,0.14273,1.43444,0.443176,-0.498734,0.954067
30,30,-0.567232,0.698132,-0.174533,0.174533,-0.574404,0.690218,-0.157909,0.14273,1.43444,0.443176,-0.498734,0.954067
30,30,-0.567232,0.698132,-0.174533,0.174533,-0.574404,0.690218,-0.157909,0.14273,1.43444,0.443176,-0.498734,0.954067
30,30,-0.567232,0.698132,-0.174533,0.174533,-0.574404,0.690218,-0.157909,0.14273,1.43444,0.443176,-0.498734,0.954067
30,30,-0.567232,0.698132,-0.174533,0.174533,-0.574404,0.690218,-0.157909,0.14273,1.43444,0.443176,-0.498734,0.954067
30,30,-0.567232,0.698132,-0.174533,0.174533,-0.574404,0.690218,-0.157909,0.14273,1.43444,0.443176,-0.498734,0.954067
30,30,-0.567232,0.698132,-0.174533,0.174533,-0.574404,0.690218,-0.157909,0.14273,1.43444,0.443176,-0.498734,0.954067
30,30,-0.567232,0.698132,-0.174533,0.174533,-0.574404,0.690218,-0.157909,0.14273,1.43444,0.443176,-0.498734,0.954067
30,30,-0.567232,0.698132,-0.174533,0.174533,-0.574404,0.690218,-0.157909,0.14273,1.43444,0.443176,-0.498734,0.954067
30,30,-0.567232,0.698132,-0.174533,0.174533,-0.574404,0.690218,-0.157909,0.14273,1.43444,0.443176,-0.498734,0.954067
30,30,-0.567232,0.698132,-0.174533,0.174533,-0.574404,0.690218,-0.157909,0.14273,1.43444,0.443176,-0.498734,0.954067
30,30,-0.567232,0.698132,-0.174533,0.174533,-0.574404,0.690218,-0.157909,0.14273,1.43444,0.443176,-0.498734,0.954067
30,30,-0.567232,0.698132,-0.174533,0.174533,-0.574404,0.690218,-0.157909,0.14273,1.43444,0.443176,-0.498734,0.954067
30,30,-0.567232,0.698132,-0.174533,0.174533,-0.574404,0.690218,-0.157909,0.14273,1.43444,0.443176,-0.498734,0.954067
30,30,-0.567232,0.698132,-0.174533,0.174533,-0.574404,0.690218,-0.157909,0.14273,1.43444,0.443176,-0.498734,0.954067
30,30,-0.567232,0.698132,-0.174533,0.174533,-0.574404,0.690218,-0.157909,0.14273,1.43444,0.443176,-0.498734,0.954067
30,30,-0.567232,0.698132,-0.174533,0.174533,-0.574404,0.690218,-0.157909,0.14273,1.43444,0.443176,-0.498734,0.954067
30,30,-0.567232,0.698132,-0.174533,0.174533,-0.574404,0.690218,-0.157909,0.14273,1.43444,0.443176,-0.498734,0.954067
30,30,-0.567232,0.698132,-0.174533,0.174533,-0.574404,0.690218,-0.157909,0.14273,1.43444,0.443176,-0.498734,0.954067
30,30,-0.567232,0.698132,-0.174533,0.174533,-0.574404,0.690218,-0.157909,0.14273,1.43444,0.443176,-0.498734,0.954067
30,30,-0.567232,0.698132,-0.174533,0.174533,-0.574404,0.690218,-0.157909,0.14273,1.43444,0.443176,-0.498734,0.954067
30,30,-0.567232,0.698132,-0.174533,0.174533,-0.574404,0.690218,-0.157909,0.14273,1.43444,0.443176,-0.498734,0.954067
30,30,-0.567232,0.698132,-0.174533,0.174533,-0.574404,0.690218,-0.157909,0.14273,1.43444,0.443176,-0.498734,0.954067
30,30,-0.567232,0.698132,-0.174533,0.174533,-0.574404,0.690218,-0.157909,0.14273,1.43444,0.443176,-0.498734,0.954067
30,30,-0.567232,0.698132,-0.174533,0.174533,-0.574404,0.690218,-0.157909,0.14273,1.43444,0.443176,-0.498734,0.954067
30,30,-0.567232,0.698132,-0.174533,0.174533,-0.574404,0.690218,-0.157909,0.14273,1.43444,0.443176,-0.498734,0.954067
30,30,-0.567232,0.698132,-0.174533,0.174533,-0.574404,0.690218,-0.157909,0.14273,1.43444,0.443176,-0.498734,0.954067
30,30,-0.567232,0.698132,-0.174533,0.174533,-0.574404,0.690218,-0.157909,0.14273,1.43444,0.443176,-0.498734,0.954067
30,30,-0.567232,0.698132,-0.174533,0.174533,-0.574404,0.690218,-0.157909,0.14273,1.43444,0.443176,-0.498734,0.954067
30,30,-0.567232,0.698132,-0.174533,0.174533,-0.574404,0.690218,-0.157909,0.14273,1.43444,0.443176,-0.498734,0.954067
30,30,-0.567232,0.698132,-0.174533,0.174533,-0.574404,0.690218,-0.157909,0.14273,1.43444,0.443176,-0.498714,0.954084
30,30,-0.567232,0.698132,-0.174533,0.174533,-0.574404,0.690218,-0.157909,0.14273,1.43444,0.443176,-0.498714,0.954084
30,30,-0.567232,0.698132,-0.174533,0.174533,-0.574404,0.690218,-0.157909,0.14273,1.43444,0.443176,-0.498714,0.954084
30,30,-0.567232,0.698132,-0.174533,0.174533,-0.574404,0.690218,-0.157909,0.14273,1.43444,0.443176,-0.498714,0.954084
30,30,-0.567232,0.698132,-0.174533,0.174533,-0.574404,0.690218,-0.157909,0.14273,1.43444,0.443176,-0.498714,0.954084
30,30,-0.567232,0.698132,-0.174533,0.174533,-0.574404,0.690218,-0.157909,0.14273,1.43444,0.443176,-0.498714,0.954084
30,30,-0.567232,0.698132,-0.174533,0.174533,-0.574404,0.690218,-0.157909,0.14273,1.43444,0.443176,-0.498714,0.954084
30,30,-0.567232,0.698132,-0.174533,0.174533,-0.574404,0.690218,-0.157909,0.14273,1.43444,0.443176,-0.498714,0.954084
30,30,-0.567232,0.698132,-0.174533,0.174533,-0.574404,0.690218,-0.157909,0.14273,1.43444,0.443176,-0.498714,0.954084
30,30,-0.567232,0.698132,-0.174533,0.174533,-0.574404,0.690218,-0.157909,0.14273,1.43444,0.443176,-0.498714,0.954084
30,30,-0.567232,0.698132,-0.174533,0.174533,-0.574404,0.690218,-0.157909,0.14273,1.43444,0.443176,-0.498714,0.954084
30,30,-0.567232,0.698132,-0.174533,0.174533,-0.574404,0.690218,-0.157909,0.14273,1.43444,0.443176,-0.498714,0.954084
30,30,-0.567232,0.698132,-0.174533,0.174533,-0.574404,0.690218,-0.157909,0.14273,1.43444,0.443176,-0.498714,0.954084
30,30,-0.567232,0.698132,-0.174533,0.174533,-0.574404,0.690218,-0.157909,0.14273,1.43444,0.443176,-0.498714,0.954084
30,30,-0.567232,0.698132,-0.174533,0.174533,-0.574404,0.690218,-0.157909,0.14273,1.43444,0.443176,-0.498714,0.954084
30,30,-0.567232,0.698132,-0.174533,0.174533,-0.574404,0.690218,-0.157909,0.14273,1.43444,0.443176,-0.498714,0.954084
30,30,-0.567232,0.698132,-0.174533,0.174533,-0.574404,0.690218,-0.157909,0.14273,1.43444,0.443176,-0.498714,0.954084
30,30,-0.567232,0.698132,-0.174533,0.174533,-0.574404,0.690218,-0.157909,0.14273,1.43444,0.443176,-0.498714,0.954084
30,30,-0.567232,0.698132,-0.174533,0.174533,-0.574404,0.690218,-0.157909,0.14273,1.43444,0.443176,-0.498714,0.954084
30,30,-0.567232,0.698132,-0.174533,0.174533,-0.574404,0.690218,-0.157909,0.14273,1.43444,0.443176,-0.498714,0.954084
30,30,-0.567232,0.698132,-0.174533,0.174533,-0.574404,0.690218,-0.157909,0.14273,1.43444,0.443176,-0.498714,0.954084
30,30,-0.567232,0.698132,-0.174533,0.174533,-0.574404,0.690218,-0.157909,0.14273,1.43444,0.443176,-0.498714,0.954084
30,30,-0.567232,0.698132,-0.174533,0.174533,-0.574404,0.690218,-0.157909,0.14273,1.43444,0.443176,-0.498714,0.954084
30,30,-0.567232,0.698132,-0.174533,0.174533,-0.574404,0.690218,-0.157909,0.14273,1.43444,0.443176,-0.498714,0.954084
30,30,-0.567232,0.698132,-0.174533,0.174533,-0.574404,0.690218,-0.157909,0.14273,1.43444,0.443176,-0.498714,0.954084
30,30,-0.567232,0.698132,-0.174533,0.174533,-0.574404,0.690218,-0.157909,0.14273,1.43444,0.443176,-0.498714,0.954084
30,30,-0.567232,0.698132,-0.174533,0.174533,-0.574404,0.690218,-0.157909,0.14273,1.43444,0.443176,-0.498714,0.954084
30,30,-0.567232,0.698132,-0.174533,0.174533,-0.574404,0.690218,-0.157909,0.14273,1.43444,0.443176,-0.498714,0.954084
30,30,-0.567232,0.698132,-0.174533,0.174533,-0.574404,0.690218,-0.157909,0.14273,1.43444,0.443176,-0.498714,0.954084
30,30,-0.567232,0.698132,-0.174533,0.174533,-0.574404,0.690218,-0.157909,0.14273,1.43444,0.443176,-0.498714,0.954084
30,30,-0.567232,0.698132,-0.174533,0.174533,-0.574404,0.690218,-0.157909,0.14273,1.43444,0.443176,-0.498714,0.954084
30,30,-0.567232,0.698132,-0.174533,0.174533,-0.574404,0.690218,-0.157909,0.14273,1.43444,0.443176,-0.498714,0.954084
30,30,-0.567232,0.698132,-0.174533,0.174533,-0.574404,0.690218,-0.157909,0.14273,1.43444,0.443176,-0.498714,0.954084
30,30,-0.567232,0.698132,-0.174533,0.174533,-0.574404,0.690218,-0.157909,0.14273,1.43444,0.443176,-0.498714,0.954084
30,30,-0.567232,0.698132,-0.174533,0.174533,-0.574404,0.690218,-0.157909,0.14273,1.43444,0.443176,-0.498714,0.954084
30,30,-0.567232,0.698132,-0.174533,0.174533,-0.574404,0.690218,-0.157909,0.14273,1.43444,0.443176,-0.498714,0.954084
30,30,-0.567232,0.698132,-0.174533,0.174533,-0.574404,0.690218,-0.157909,0.14273,1.43444,0.443176,-0.498714,0.954084
30,30,-0.567232,0.698132,-0.174533,0.174533,-0.574404,0.690218,-0.157909,0.14273,1.43444,0.443176,-0.498714,0.954084
30,30,-0.567232,0.698132,-0.174533,0.174533,-0.574404,0.690218,-0.157909,0.14273,1.43444,0.443176,-0.498714,0.954084
30,30,-0.567232,0.698132,-0.174533,0.174533,-0.574404,0.690218,-0.157909,0.14273,1.43444,0.443176,-0.498714,0.954084
30,30,-0.567232,0.698132,-0.174533,0.174533,-0.574404,0.690218,-0.157909,0.14273,1.43444,0.443176,-0.498714,0.954084
30,30,-0.567232,0.698132,-0.174533,0.174533,-0.574404,0.690218,-0.157909,0.14273,1.43444,0.443176,-0.498714,0.954084
30,30,-0.567232,0.698132,-0.174533,0.174533,-0.574404,0.690218,-0.157909,0.14273,1.43444,0.443176,-0.498714,0.954084
30,30,-0.567232,0.698132,-0.174533,0.174533,-0.574404,0.690218,-0.157909,0.14273,1.43444,0.443176,-0.498714,0.954084
30,30,-0.567232,0.698132,-0.174533,0.174533,-0.574404,0.690218,-0.157909,0.14273,1.43444,0.443176,-0.498714,0.954084
30,30,-0.567232,0.698132,-0.174533,0.174533,-0.574404,0.690218,-0.157909,0.14273,1.43444,0.443176,-0.498714,0.954084
30,30,-0.567232,0.698132,-0.174533,0.174533,-0.574404,0.690218,-0.157909,0.14273,1.43444,0.443176,-0.498714,0.954084
30,30,-0.567232,0.698132,-0.174533,0.174533,-0.574404,0.690218,-0.157909,0.14273,1.43444,0.443176,-0.498714,0.954084
30,30,-0.567232,0.698132,-0.174533,0.174533,-0.574404,0.690218,-0.157909,0.14273,1.43444,0.443176,-0.498714,0.954084
30,30,-0.567232,0.698132,-0.174533,0.174533,-0.574404,0.690218,-0.157909,0.14273,1.43444,0.443176,-0.498714,0.954084
30,30,-0.567232,0.698132,-0.174533,0.174533,-0.574404,0.690218,-0.157909,0.14273,1.43444,0.443176,-0.498714,0.954084
30,30,-0.567232,0.698132,-0.174533,0.174533,-0.574404,0.690218,-0.157909,0.14273,1.43444,0.443176,-0.498714,0.954084
30,30,-0.567232,0.698132,-0.174533,0.174533,-0.574404,0.690218,-0.157909,0.14273,1.43444,0.443176,-0.498714,0.954084
30,30,-0.567232,0.698132,-0.174533,0.174533,-0.574404,0.690218,-0.157909,0.14273,1.43444,0.443176,-0.498714,0.954084
30,30,-0.567232,0.698132,-0.174533,0.174533,-0.574404,0.690218,-0.157909,0.14273,1.43444,0.443176,-0.498714,0.954084
30,30,-0.567232,0.698132,-0.174533,0.174533,-0.574404,0.690218,-0.157909,0.14273,1.43444,0.443176,-0.498714,0.954084
30,30,-0.567232,0.698132,-0.174533,0.174533,-0.574404,0.690218,-0.157909,0.14273,1.43444,0.443176,-0.498714,0.954084
30,30,-0.567232,0.698132,-0.174533,0.174533,-0.574404,0.690218,-0.157909,0.14273,1.43444,0.443176,-0.498714,0.954084
30,30,-0.567232,0.698132,-0.174533,0.174533,-0.574404,0.690218,-0.157909,0.14273,1.43444,0.443176,-0.498714,0.954084
30,30,-0.567232,0.698132,-0.174533,0.174533,-0.574404,0.690218,-0.157909,0.14273,1.43444,0.443176,-0.498714,0.954084
30,30,-0.567232,0.698132,-0.174533,0.174533,-0.574404,0.690218,-0.157909,0.14273,1.43444,0.443176,-0.498714,0.954084
30,30,-0.567232,0.698132,-0.174533,0.174533,-0.574404,0.690218,-0.157961,0.142756,1.43444,0.443176,-0.497146,0.953298
30,30,-0.567232,0.698132,-0.174533,0.174533,-0.574404,0.690218,-0.157961,0.142756,1.43444,0.443176,-0.497146,0.953298
30,30,-0.567232,0.698132,-0.174533,0.174533,-0.574404,0.690218,-0.157961,0.142756,1.43444,0.443176,-0.497146,0.953298
30,30,-0.567232,0.698132,-0.174533,0.174533,-0.574404,0.690218,-0.157961,0.142756,1.43444,0.443176,-0.497146,0.953298
30,30,-0.567232,0.698132,-0.174533,0.174533,-0.574404,0.690218,-0.157961,0.142756,1.43444,0.443176,-0.497146,0.953298
30,30,-0.567232,0.698132,-0.174533,0.174533,-0.574404,0.690218,-0.157961,0.142756,1.43444,0.443176,-0.497146,0.953298
30,30,-0.567232,0.698132,-0.174533,0.174533,-0.574404,0.690218,-0.157961,0.142756,1.43444,0.443176,-0.497146,0.953298
30,30,-0.567232,0.698132,-0.174533,0.174533,-0.574404,0.690218,-0.157961,0.142756,1.43444,0.443176,-0.497146,0.953298
30,30,-0.567232,0.698132,-0.174533,0.174533,-0.574404,0.690218,-0.157961,0.142756,1.43444,0.443176,-0.497146,0.953298
30,30,-0.567232,0.698132,-0.174533,0.174533,-0.574404,0.690218,-0.157961,0.142756,1.43444,0.443176,-0.497146,0.953298
30,30,-0.567232,0.698132,-0.174533,0.174533,-0.574404,0.690218,-0.157961,0.142756,1.43444,0.443176,-0.497146,0.953298
30,30,-0.567232,0.698132,-0.174533,0.174533,-0.574404,0.690218,-0.157961,0.142756,1.43444,0.443176,-0.497146,0.953298
30,30,-0.567232,0.698132,-0.174533,0.174533,-0.574404,0.690218,-0.157961,0.142756,1.43444,0.443176,-0.497146,0.953298
30,30,-0.567232,0.698132,-0.174533,0.174533,-0.574404,0.690218,-0.157961,0.142756,1.43444,0.443176,-0.497146,0.953298
30,30,-0.567232,0.698132,-0.174533,0.174533,-0.574404,0.690218,-0.157961,0.142756,1.43444,0.443176,-0.497146,0.953298
30,30,-0.567232,0.698132,-0.174533,0.174533,-0.574404,0.690218,-0.157961,0.142756,1.43444,0.443176,-0.497146,0.953298
30,30,-0.567232,0.698132,-0.174533,0.174533,-0.574404,0.690218,-0.157961,0.142756,1.43444,0.443176,-0.497146,0.953298
30,30,-0.567232,0.698132,-0.174533,0.174533,-0.574404,0.690218,-0.157961,0.142756,1.43444,0.443176,-0.497146,0.953298
30,30,-0.567232,0.698132,-0.174533,0.174533,-0.574404,0.690218,-0.157961,0.142756,1.43444,0.443176,-0.497146,0.953298
30,30,-0.567232,0.698132,-0.174533,0.174533,-0.574404,0.690218,-0.157961,0.142756,1.43444,0.443176,-0.497146,0.953298
30,30,-0.567232,0.698132,-0.174533,0.174533,-0.574404,0.690218,-0.157961,0.142756,1.43444,0.443176,-0.497146,0.953298
30,30,-0.567232,0.698132,-0.174533,0.174533,-0.574404,0.690218,-0.157961,0.142756,1.43444,0.443176,-0.497146,0.953298
30,30,-0.567232,0.698132,-0.174533,0.174533,-0.574404,0.690218,-0.157961,0.142756,1.43444,0.443176,-0.497146,0.953298
30,30,-0.567232,0.698132,-0.174533,0.174533,-0.574404,0.690218,-0.157961,0.142756,1.43444,0.443176,-0.497146,0.953298
30,30,-0.567232,0.698132,-0.174533,0.174533,-0.574404,0.690218,-0.157961,0.142756,1.43444,0.443176,-0.497146,0.953298
30,30,-0.567232,0.698132,-0.174533,0.174533,-0.574404,0.690218,-0.157961,0.142756,1.43444,0.443176,-0.497146,0.953298
30,30,-0.567232,0.698132,-0.174533,0.174533,-0.574404,0.690218,-0.157961,0.142756,1.43444,0.443176,-0.497146,0.953298
30,30,-0.567232,0.698132,-0.174533,0.174533,-0.574404,0.690218,-0.157961,0.142756,1.43444,0.443176,-0.497146,0.953298
30,30,-0.567232,0.698132,-0.174533,0.174533,-0.574404,0.690218,-0.157961,0.142756,1.43444,0.443176,-0.497146,0.953298
30,30,-0.567232,0.698132,-0.174533,0.174533,-0.574404,0.690218,-0.157961,0.142756,1.43444,0.443176,-0.497146,0.953298
30,30,-0.567232,0.698132,-0.174533,0.174533,-0.574404,0.690218,-0.157961,0.142756,1.43444,0.443176,-0.497146,0.953298
30,30,-0.567232,0.698132,-0.174533,0.174533,-0.574404,0.690218,-0.157961,0.142756,1.43444,0.443176,-0.497146,0.953298
30,30,-0.567232,0.698132,-0.174533,0.174533,-0.574404,0.690218,-0.157961,0.142756,1.43444,0.443176,-0.497146,0.953298
30,30,-0.567232,0.698132,-0.174533,0.174533,-0.574404,0.690218,-0.157961,0.142756,1.43444,0.443176,-0.497146,0.953298
30,30,-0.567232,0.698132,-0.174533,0.174533,-0.574404,0.690218,-0.157961,0.142756,1.43444,0.443176,-0.497146,0.953298
30,30,-0.567232,0.698132,-0.174533,0.174533,-0.574404,0.690218,-0.157961,0.142756,1.43444,0.443176,-0.497146,0.953298
30,30,-0.567232,0.698132,-0.174533,0.174533,-0.574404,0.690218,-0.157961,0.142756,1.43444,0.443176,-0.497146,0.953298
30,30,-0.567232,0.698132,-0.174533,0.174533,-0.574404,0.690218,-0.157961,0.142756,1.43444,0.443176,-0.497146,0.953298
30,30,-0.567232,0.698132,-0.174533,0.174533,-0.574404,0.690218,-0.157961,0.142756,1.43444,0.443176,-0.497146,0.953298
30,30,-0.567232,0.698132,-0.174533,0.174533,-0.574404,0.690218,-0.157961,0.142756,1.43444,0.443176,-0.497146,0.953298
30,30,-0.567232,0.698132,-0.174533,0.174533,-0.574404,0.690218,-0.157961,0.142756,1.43444,0.443176,-0.497146,0.953298
30,30,-0.567232,0.698132,-0.174533,0.174533,-0.574404,0.690218,-0.157961,0.142756,1.43444,0.443176,-0.497146,0.953298
30,30,-0.567232,0.698132,-0.174533,0.174533,-0.574404,0.690218,-0.157961,0.142756,1.43444,0.443176,-0.497146,0.953298
30,30,-0.567232,0.698132,-0.174533,0.174533,-0.574404,0.690218,-0.157961,0.142756,1.43444,0.443176,-0.497146,0.953298
30,30,-0.567232,0.698132,-0.174533,0.174533,-0.574404,0.690218,-0.157961,0.142756,1.43444,0.443176,-0.497146,0.953298
30,30,-0.567232,0.698132,-0.174533,0.174533,-0.574404,0.690218,-0.157961,0.142756,1.43444,0.443176,-0.497146,0.953298
30,30,-0.567232,0.698132,-0.174533,0.174533,-0.574404,0.690218,-0.157961,0.142756,1.43444,0.443176,-0.497146,0.953298
30,30,-0.567232,0.698132,-0.174533,0.174533,-0.574404,0.690218,-0.157961,0.142756,1.43444,0.443176,-0.497146,0.953298
30,30,-0.567232,0.698132,-0.174533,0.174533,-0.574404,0.690218,-0.157961,0.142756,1.43444,0.443176,-0.497146,0.953298
30,30,-0.567232,0.698132,-0.174533,0.174533,-0.574404,0.690218,-0.157961,0.142756,1.43444,0.443176,-0.497146,0.953298
30,30,-0.567232,0.698132,-0.174533,0.174533,-0.574404,0.690218,-0.157961,0.142756,1.43444,0.443176,-0.497146,0.953298
30,30,-0.567232,0.698132,-0.174533,0.174533,-0.574404,0.690218,-0.157961,0.142756,1.43444,0.443176,-0.497146,0.953298
30,30,-0.567232,0.698132,-0.174533,0.174533,-0.574404,0.690218,-0.157961,0.142756,1.43444,0.443176,-0.497146,0.953298
30,30,-0.567232,0.698132,-0.174533,0.174533,-0.574404,0.690218,-0.157961,0.142756,1.43444,0.443176,-0.497146,0.953298
30,30,-0.567232,0.698132,-0.174533,0.174533,-0.574404,0.690218,-0.157961,0.142756,1.43444,0.443176,-0.497146,0.953298
30,30,-0.567232,0.698132,-0.174533,0.174533,-0.574404,0.690218,-0.157961,0.142756,1.43444,0.443176,-0.497146,0.953298
30,30,-0.567232,0.698132,-0.174533,0.174533,-0.574404,0.690218,-0.157961,0.142756,1.43444,0.443176,-0.497146,0.953298
30,30,-0.567232,0.698132,-0.174533,0.174533,-0.574404,0.690218,-0.157961,0.142756,1.43444,0.443176,-0.497146,0.953298
30,30,-0.567232,0.698132,-0.174533,0.174533,-0.574404,0.690218,-0.157961,0.142756,1.43444,0.443176,-0.497146,0.953298
30,30,-0.567232,0.698132,-0.174533,0.174533,-0.574404,0.690218,-0.157961,0.142756,1.43444,0.443176,-0.497146,0.953298
30,30,-0.567232,0.698132,-0.174533,0.174533,-0.574404,0.690218,-0.157961,0.142756,1.43444,0.443176,-0.497146,0.953298
30,30,-0.567232,0.698132,-0.174533,0.174533,-0.574404,0.690218,-0.157961,0.142756,1.43444,0.443176,-0.497146,0.953298
30,30,-0.567232,0.698132,-0.174533,0.174533,-0.574404,0.690218,-0.157961,0.142756,1.43444,0.443176,-0.497146,0.953298
30,30,-0.567232,0.698132,-0.174533,0.174533,-0.574404,0.690218,-0.157961,0.142756,1.43444,0.443176,-0.497146,0.953298
30,30,-0.567232,0.698132,-0.174533,0.174533,-0.574404,0.690218,-0.157961,0.142756,1.43444,0.443176,-0.497146,0.953298
30,30,-0.567232,0.698132,-0.174533,0.174533,-0.574404,0.690218,-0.157961,0.142756,1.43444,0.443176,-0.497146,0.953298
30,30,-0.567232,0.698132,-0.174533,0.174533,-0.574404,0.690218,-0.157961,0.142756,1.43444,0.443176,-0.497146,0.953298
30,30,-0.567232,0.698132,-0.174533,0.174533,-0.574404,0.690218,-0.157961,0.142756,1.43444,0.443176,-0.497146,0.953298
30,30,-0.567232,0.698132,-0.174533,0.174533,-0.574404,0.690218,-0.157961,0.142756,1.43444,0.443176,-0.497146,0.953298
30,30,-0.567232,0.698132,-0.174533,0.174533,-0.574404,0.690218,-0.157961,0.142756,1.43444,0.443176,-0.497146,0.953298
30,30,-0.567232,0.698132,-0.174533,0.174533,-0.574404,0.690218,-0.158013,0.142783,1.43444,0.443176,-0.495576,0.95251
30,30,-0.567232,0.698132,-0.174533,0.174533,-0.574404,0.690218,-0.158013,0.142783,1.43444,0.443176,-0.495576,0.95251
30,30,-0.567232,0.698132,-0.174533,0.174533,-0.574404,0.690218,-0.158013,0.142783,1.43444,0.443176,-0.495576,0.95251
30,30,-0.567232,0.698132,-0.174533,0.174533,-0.574404,0.690218,-0.158013,0.142783,1.43444,0.443176,-0.495576,0.95251
30,30,-0.567232,0.698132,-0.174533,0.174533,-0.574404,0.690218,-0.158013,0.142783,1.43444,0.443176,-0.495576,0.95251
30,30,-0.567232,0.698132,-0.174533,0.174533,-0.574404,0.690218,-0.158013,0.142783,1.43444,0.443176,-0.495576,0.95251
30,30,-0.567232,0.698132,-0.174533,0.174533,-0.574404,0.690218,-0.158013,0.142783,1.43444,0.443176,-0.495576,0.95251
30,30,-0.567232,0.698132,-0.174533,0.174533,-0.574404,0.690218,-0.158013,0.142783,1.43444,0.443176,-0.495576,0.95251
30,30,-0.567232,0.698132,-0.174533,0.174533,-0.574404,0.690218,-0.158013,0.142783,1.43444,0.443176,-0.495576,0.95251
30,30,-0.567232,0.698132,-0.174533,0.174533,-0.574404,0.690218,-0.158013,0.142783,1.43444,0.443176,-0.495576,0.95251
30,30,-0.567232,0.698132,-0.174533,0.174533,-0.574404,0.690218,-0.158013,0.142783,1.43444,0.443176,-0.495576,0.95251
30,30,-0.567232,0.698132,-0.174533,0.174533,-0.574404,0.690218,-0.158013,0.142783,1.43444,0.443176,-0.495576,0.95251
30,30,-0.567232,0.698132,-0.174533,0.174533,-0.574404,0.690218,-0.158013,0.142783,1.43444,0.443176,-0.495576,0.95251
30,30,-0.567232,0.698132,-0.174533,0.174533,-0.574404,0.690218,-0.158013,0.142783,1.43444,0.443176,-0.495576,0.95251
30,30,-0.567232,0.698132,-0.174533,0.174533,-0.574404,0.690218,-0.158013,0.142783,1.43444,0.443176,-0.495576,0.95251
30,30,-0.567232,0.698132,-0.174533,0.174533,-0.574404,0.690218,-0.158013,0.142783,1.43444,0.443176,-0.495576,0.95251
30,30,-0.567232,0.698132,-0.174533,0.174533,-0.574404,0.690218,-0.158013,0.142783,1.43444,0.443176,-0.495576,0.95251
30,30,-0.567232,0.698132,-0.174533,0.174533,-0.574404,0.690218,-0.158013,0.142783,1.43444,0.443176,-0.495576,0.95251
30,30,-0.567232,0.698132,-0.174533,0.174533,-0.574404,0.690218,-0.158013,0.142783,1.43444,0.443176,-0.495576,0.95251
30,30,-0.567232,0.698132,-0.174533,0.174533,-0.574404,0.690218,-0.158013,0.142783,1.43444,0.443176,-0.495576,0.95251
30,30,-0.567232,0.698132,-0.174533,0.174533,-0.574404,0.690218,-0.158013,0.142783,1.43444,0.443176,-0.495576,0.95251
30,30,-0.567232,0.698132,-0.174533,0.174533,-0.574404,0.690218,-0.158013,0.142783,1.43444,0.443176,-0.495576,0.95251
30,30,-0.567232,0.698132,-0.174533,0.174533,-0.574404,0.690218,-0.158013,0.142783,1.43444,0.443176,-0.495576,0.95251
30,30,-0.567232,0.698132,-0.174533,0.174533,-0.574404,0.690218,-0.158013,0.142783,1.43444,0.443176,-0.495576,0.95251
30,30,-0.567232,0.698132,-0.174533,0.174533,-0.574404,0.690218,-0.158013,0.142783,1.43444,0.443176,-0.495576,0.95251
30,30,-0.567232,0.698132,-0.174533,0.174533,-0.574404,0.690218,-0.158013,0.142783,1.43444,0.443176,-0.495576,0.95251
30,30,-0.567232,0.698132,-0.174533,0.174533,-0.574404,0.690218,-0.158013,0.142783,1.43444,0.443176,-0.495576,0.95251
30,30,-0.567232,0.698132,-0.174533,0.174533,-0.574404,0.690218,-0.158013,0.142783,1.43444,0.443176,-0.495576,0.95251
30,30,-0.567232,0.698132,-0.174533,0.174533,-0.574404,0.690218,-0.158013,0.142783,1.43444,0.443176,-0.495576,0.95251
30,30,-0.567232,0.698132,-0.174533,0.174533,-0.574404,0.690218,-0.158013,0.142783,1.43444,0.443176,-0.495576,0.95251
30,30,-0.567232,0.698132,-0.174533,0.174533,-0.574404,0.690218,-0.158013,0.142783,1.43444,0.443176,-0.495576,0.952505
30,30,-0.567232,0.698132,-0.174533,0.174533,-0.574404,0.690218,-0.158013,0.142783,1.43444,0.443176,-0.495576,0.952505
30,30,-0.567232,0.698132,-0.174533,0.174533,-0.574404,0.690218,-0.158013,0.142783,1.43444,0.443176,-0.495576,0.952505
30,30,-0.567232,0.698132,-0.174533,0.174533,-0.574404,0.690218,-0.158013,0.142783,1.43444,0.443176,-0.495576,0.952505
30,30,-0.567232,0.698132,-0.174533,0.174533,-0.574404,0.690218,-0.158013,0.142783,1.43444,0.443176,-0.495576,0.952505
30,30,-0.567232,0.698132,-0.174533,0.174533,-0.574404,0.690218,-0.158013,0.142783,1.43444,0.443176,-0.495576,0.952505
30,30,-0.567232,0.698132,-0.174533,0.174533,-0.574404,0.690218,-0.158013,0.142783,1.43444,0.443176,-0.495576,0.952505
30,30,-0.567232,0.698132,-0.174533,0.174533,-0.574404,0.690218,-0.158013,0.142783,1.43444,0.443176,-0.495576,0.952505
30,30,-0.567232,0.698132,-0.174533,0.174533,-0.574404,0.690218,-0.158013,0.142783,1.43444,0.443176,-0.495576,0.952505
30,30,-0.567232,0.698132,-0.174533,0.174533,-0.574404,0.690218,-0.158013,0.142783,1.43444,0.443176,-0.495576,0.952505
30,30,-0.567232,0.698132,-0.174533,0.174533,-0.574404,0.690218,-0.158013,0.142783,1.43444,0.443176,-0.495576,0.952505
30,30,-0.567232,0.698132,-0.174533,0.174533,-0.574404,0.690218,-0.158013,0.142783,1.43444,0.443176,-0.495576,0.952505
30,30,-0.567232,0.698132,-0.174533,0.174533,-0.574404,0.690218,-0.158013,0.142783,1.43444,0.443176,-0.495576,0.952505
30,30,-0.567232,0.698132,-0.174533,0.174533,-0.574404,0.690218,-0.158013,0.142783,1.43444,0.443176,-0.495576,0.952505
30,30,-0.567232,0.698132,-0.174533,0.174533,-0.574404,0.690218,-0.158013,0.142783,1.43444,0.443176,-0.495576,0.952505
30,30,-0.567232,0.698132,-0.174533,0.174533,-0.574404,0.690218,-0.158013,0.142783,1.43444,0.443176,-0.495576,0.952505
30,30,-0.567232,0.698132,-0.174533,0.174533,-0.574404,0.690218,-0.158013,0.142783,1.43444,0.443176,-0.495576,0.952505
30,30,-0.567232,0.698132,-0.174533,0.174533,-0.574404,0.690218,-0.158013,0.142783,1.43444,0.443176,-0.495576,0.952505
30,30,-0.567232,0.698132,-0.174533,0.174533,-0.574404,0.690218,-0.158013,0.142783,1.43444,0.443176,-0.495576,0.952505
30,30,-0.567232,0.698132,-0.174533,0.174533,-0.574404,0.690218,-0.158013,0.142783,1.43444,0.443176,-0.495576,0.952505
30,30,-0.567232,0.698132,-0.174533,0.174533,-0.574404,0.690218,-0.158013,0.142783,1.43444,0.443176,-0.495576,0.952505
